CDS	UCE	coding_UCE	nocoding_UCE
0.056627575	0	0	0
5.662757533	6.098559286	0	6.837516929
0.736158479	0.469119945	0	0.525962841
0.792786055	1.407359835	4.340729937	1.051925681
1.868709986	2.345599725	4.340729937	2.103851363
0.48133439	0	0	0
0.254824089	0.469119945	0	0.525962841
1.075923931	0.93823989	0	1.051925681
0.651217116	0	0	0
38.67663395	80.68863055	60.77021912	83.10212883
1.160865294	1.87647978	8.681459874	1.051925681
1.981965137	1.87647978	0	2.103851363
3.652478609	4.222079506	13.02218981	3.155777044
2.718123616	2.81471967	0	3.155777044
2.378358164	2.345599725	4.340729937	2.103851363
7.078446916	6.567679231	4.340729937	6.837516929
2.321730589	2.345599725	0	2.629814204
8.862215539	9.382398901	4.340729937	9.993293974
0.906041205	0.93823989	4.340729937	0.525962841
8.352567361	8.913278956	8.681459874	8.941368292
0.736158479	1.87647978	0	2.103851363
1.840396198	2.81471967	0	3.155777044
1.274120445	0.93823989	0	1.051925681
0.056627575	0	0	0
2.633182253	4.691199451	0	5.259628407
6.682053889	11.72799863	13.02218981	11.5711825
0.056627575	0	0	0
3.284399369	4.222079506	4.340729937	4.207702726
0.084941363	0	0	0
1.33074802	0.469119945	0	0.525962841
0.877727418	0.93823989	4.340729937	0.525962841
1.670513472	2.345599725	4.340729937	2.103851363
2.803064979	6.098559286	8.681459874	5.785591248
0.283137877	0	0	0
1.783768623	0.469119945	0	0.525962841
0.254824089	0	0	0
1.415689383	1.87647978	4.340729937	1.577888522
1.387375596	2.345599725	4.340729937	2.103851363
0.877727418	0.469119945	0	0.525962841
4.813343903	4.691199451	4.340729937	4.733665567
2.265103013	2.81471967	0	3.155777044
1.500630746	1.407359835	8.681459874	0.525962841
3.142830431	4.222079506	0	4.733665567
2.038592712	3.283839615	4.340729937	3.155777044
0.934354993	0.93823989	0	1.051925681
5.153109355	3.283839615	8.681459874	2.629814204
1.047610144	2.345599725	0	2.629814204
3.454282095	5.160319396	0	5.785591248
0.821099842	1.407359835	0	1.577888522
0.424706815	0.469119945	4.340729937	0
2.746437404	5.629439341	0	6.311554089
1.528944534	1.407359835	4.340729937	1.051925681
0.113255151	0.469119945	0	0.525962841
2.236789226	2.345599725	4.340729937	2.103851363
2.038592712	2.345599725	8.681459874	1.577888522
1.075923931	2.81471967	0	3.155777044
2.0669065	2.81471967	0	3.155777044
0.48133439	0	0	0
36.86455154	31.43103632	34.7258395	31.0318076
0.679530904	1.407359835	4.340729937	1.051925681
0.453020603	0.469119945	0	0.525962841
0	0	0	0
0.453020603	1.407359835	0	1.577888522
0.48133439	0.93823989	0	1.051925681
1.613885897	5.160319396	4.340729937	5.259628407
1.359061808	0.93823989	0	1.051925681
1.613885897	2.81471967	4.340729937	2.629814204
2.151847863	3.283839615	0	3.681739885
1.019296356	1.407359835	4.340729937	1.051925681
0.990982568	1.407359835	0	1.577888522
1.528944534	0.93823989	0	1.051925681
3.086202855	1.407359835	4.340729937	1.051925681
2.293416801	2.81471967	4.340729937	2.629814204
0.198196514	0	0	0
2.54824089	1.407359835	0	1.577888522
2.038592712	0.93823989	0	1.051925681
1.783768623	4.222079506	0	4.733665567
0.877727418	0.469119945	0	0.525962841
4.586833602	6.567679231	13.02218981	5.785591248
3.454282095	3.283839615	0	3.681739885
3.652478609	10.32063879	13.02218981	9.993293974
2.095220287	1.87647978	4.340729937	1.577888522
0.906041205	0.93823989	4.340729937	0.525962841
0.594589541	0.469119945	0	0.525962841
0.141568938	0	0	0
2.718123616	3.283839615	4.340729937	3.155777044
2.095220287	2.81471967	8.681459874	2.103851363
0.764472267	0.469119945	4.340729937	0
1.953651349	6.567679231	4.340729937	6.837516929
25.79386056	23.45599725	47.74802931	20.51255079
122.0607386	317.5942028	147.5848179	338.1941066
4.3603233	3.75295956	4.340729937	3.681739885
2.208475438	1.87647978	4.340729937	1.577888522
2.0669065	2.81471967	4.340729937	2.629814204
1.019296356	1.407359835	0	1.577888522
2.434985739	1.407359835	0	1.577888522
0.792786055	0.93823989	0	1.051925681
25.2558986	27.20895681	21.70364969	27.87603056
4.020557848	4.222079506	4.340729937	4.207702726
0.566275753	0.93823989	0	1.051925681
0.509648178	0	0	0
1.104237719	2.345599725	8.681459874	1.577888522
0.36807924	1.407359835	0	1.577888522
6.738681464	10.32063879	13.02218981	9.993293974
2.661496041	6.098559286	4.340729937	6.311554089
1.160865294	1.87647978	0	2.103851363
1.755454835	2.81471967	0	3.155777044
2.774751191	3.283839615	8.681459874	2.629814204
1.189179082	0.93823989	4.340729937	0.525962841
1.472316959	2.345599725	0	2.629814204
0.254824089	0.469119945	0	0.525962841
12.25987006	10.32063879	13.02218981	9.993293974
4.020557848	4.222079506	4.340729937	4.207702726
0.028313788	0	0	0
1.132551507	1.407359835	4.340729937	1.051925681
1.21749287	0.93823989	0	1.051925681
2.463299527	2.81471967	0	3.155777044
1.047610144	1.87647978	0	2.103851363
0.169882726	0.469119945	4.340729937	0
2.944633917	6.098559286	13.02218981	5.259628407
3.51090967	2.345599725	4.340729937	2.103851363
1.755454835	2.345599725	4.340729937	2.103851363
0.651217116	0	0	0
3.114516643	7.036799176	13.02218981	6.311554089
0.622903329	0.93823989	0	1.051925681
1.642199685	1.87647978	4.340729937	1.577888522
0.509648178	0.93823989	4.340729937	0.525962841
1.047610144	1.87647978	4.340729937	1.577888522
7.27664343	16.41919808	17.36291975	16.30484806
1.755454835	0.93823989	4.340729937	0.525962841
0.990982568	1.87647978	4.340729937	1.577888522
13.90206974	20.17215764	30.38510956	18.93466227
5.974209197	8.913278956	0	9.993293974
0.877727418	1.407359835	4.340729937	1.051925681
1.302434233	0.93823989	0	1.051925681
3.765733759	7.505919121	4.340729937	7.889442611
3.737419972	2.81471967	0	3.155777044
0.084941363	0	0	0
1.189179082	1.407359835	0	1.577888522
1.500630746	1.407359835	0	1.577888522
1.104237719	1.407359835	0	1.577888522
1.953651349	4.222079506	4.340729937	4.207702726
1.444003171	1.407359835	0	1.577888522
2.803064979	2.345599725	4.340729937	2.103851363
1.302434233	1.407359835	8.681459874	0.525962841
0.453020603	1.407359835	0	1.577888522
8.522450087	17.82655791	4.340729937	19.46062511
2.038592712	1.87647978	0	2.103851363
0.594589541	0.93823989	0	1.051925681
2.774751191	1.407359835	4.340729937	1.051925681
4.24706815	7.505919121	0	8.415405452
2.321730589	0.93823989	4.340729937	0.525962841
3.256085581	7.036799176	4.340729937	7.36347977
2.972947705	2.81471967	0	3.155777044
6.653740101	5.629439341	0	6.311554089
1.69882726	3.283839615	0	3.681739885
0.566275753	0	0	0
2.944633917	4.222079506	4.340729937	4.207702726
0.226510301	0	0	0
0.028313788	0	0	0
0.934354993	1.407359835	0	1.577888522
2.038592712	4.222079506	4.340729937	4.207702726
2.406671952	3.283839615	4.340729937	3.155777044
0.821099842	0	0	0
1.415689383	2.81471967	0	3.155777044
1.812082411	2.81471967	0	3.155777044
4.077185424	4.222079506	4.340729937	4.207702726
2.350044376	3.283839615	4.340729937	3.155777044
7.64472267	14.5427183	4.340729937	15.77888522
0	0	0	0
1.528944534	2.81471967	4.340729937	2.629814204
0.028313788	0	0	0
0.537961966	0.469119945	0	0.525962841
1.783768623	3.283839615	4.340729937	3.155777044
0.226510301	0.93823989	4.340729937	0.525962841
1.528944534	2.345599725	4.340729937	2.103851363
0.821099842	0.469119945	4.340729937	0
0.283137877	0.469119945	4.340729937	0
7.701350245	23.45599725	0	26.29814204
0.028313788	0	0	0
1.132551507	1.87647978	4.340729937	1.577888522
1.359061808	1.407359835	0	1.577888522
0.906041205	1.87647978	4.340729937	1.577888522
0.311451664	0	0	0
0.906041205	0.469119945	0	0.525962841
3.284399369	3.75295956	0	4.207702726
0.821099842	1.407359835	0	1.577888522
2.151847863	2.345599725	4.340729937	2.103851363
4.162126787	6.098559286	13.02218981	5.259628407
1.160865294	2.345599725	4.340729937	2.103851363
0.877727418	0.93823989	0	1.051925681
1.019296356	1.407359835	0	1.577888522
0.36807924	0	0	0
0.651217116	0.469119945	0	0.525962841
2.661496041	3.75295956	0	4.207702726
2.123534075	0.93823989	4.340729937	0.525962841
6.738681464	10.78975874	4.340729937	11.5711825
408.3414457	866.4645385	464.4581033	915.1753429
0.283137877	0.469119945	0	0.525962841
1.500630746	1.407359835	0	1.577888522
1.359061808	0.93823989	0	1.051925681
0.339765452	0	0	0
9.739942957	19.23391775	4.340729937	21.03851363
45.64182572	92.41662918	73.79240893	94.67331133
0.594589541	0.93823989	0	1.051925681
3.312713157	7.975039066	8.681459874	7.889442611
3.737419972	4.222079506	0	4.733665567
3.539223458	5.160319396	8.681459874	4.733665567
1.500630746	0.93823989	0	1.051925681
0.141568938	0.469119945	0	0.525962841
2.123534075	0.93823989	0	1.051925681
0.707844692	2.345599725	0	2.629814204
3.482595883	7.036799176	0	7.889442611
6.087464348	10.78975874	13.02218981	10.51925681
1.840396198	1.87647978	4.340729937	1.577888522
2.774751191	5.160319396	0	5.785591248
1.075923931	0	0	0
0.934354993	0	0	0
1.981965137	2.81471967	0	3.155777044
1.500630746	1.407359835	0	1.577888522
2.491613315	1.87647978	0	2.103851363
2.604868465	1.87647978	0	2.103851363
2.746437404	3.75295956	4.340729937	3.681739885
0.906041205	0.469119945	4.340729937	0
0.424706815	0.469119945	0	0.525962841
0.36807924	0	0	0
2.54824089	5.629439341	4.340729937	5.785591248
1.528944534	3.283839615	4.340729937	3.155777044
3.87898891	3.75295956	4.340729937	3.681739885
0.679530904	0.469119945	0	0.525962841
1.642199685	0.93823989	0	1.051925681
0.764472267	1.87647978	0	2.103851363
0.113255151	0	0	0
3.199458006	3.283839615	0	3.681739885
4.24706815	5.629439341	4.340729937	5.785591248
0.622903329	0.93823989	0	1.051925681
1.21749287	1.407359835	4.340729937	1.051925681
8.239312211	8.913278956	8.681459874	8.941368292
0.113255151	0	0	0
0.509648178	1.407359835	4.340729937	1.051925681
0.707844692	2.345599725	8.681459874	1.577888522
0.339765452	0	0	0
2.54824089	2.345599725	0	2.629814204
1.528944534	1.87647978	4.340729937	1.577888522
2.633182253	7.036799176	0	7.889442611
1.557258322	2.81471967	8.681459874	2.103851363
0.169882726	0	0	0
0.906041205	0.93823989	4.340729937	0.525962841
3.624164821	5.160319396	0	5.785591248
3.51090967	5.160319396	4.340729937	5.259628407
0.339765452	0.469119945	0	0.525962841
2.661496041	2.81471967	4.340729937	2.629814204
1.019296356	3.75295956	8.681459874	3.155777044
3.341026944	3.75295956	0	4.207702726
0.990982568	2.81471967	0	3.155777044
1.21749287	2.81471967	4.340729937	2.629814204
3.086202855	7.505919121	0	8.415405452
0.792786055	1.407359835	0	1.577888522
2.293416801	2.345599725	8.681459874	1.577888522
2.463299527	3.283839615	4.340729937	3.155777044
1.557258322	0.469119945	0	0.525962841
0.226510301	0.469119945	0	0.525962841
0.651217116	0.93823989	0	1.051925681
0.48133439	0.469119945	4.340729937	0
0.48133439	0.469119945	0	0.525962841
0.254824089	0.93823989	0	1.051925681
1.245806657	0.469119945	4.340729937	0
0.141568938	0	0	0
2.491613315	4.222079506	4.340729937	4.207702726
4.332009513	9.851518846	0	11.04521966
1.840396198	2.345599725	0	2.629814204
2.604868465	1.87647978	8.681459874	1.051925681
1.840396198	2.81471967	8.681459874	2.103851363
0.962668781	1.407359835	4.340729937	1.051925681
0.339765452	0	0	0
12.68457687	16.41919808	4.340729937	17.88273658
1.189179082	2.345599725	4.340729937	2.103851363
1.868709986	1.87647978	0	2.103851363
1.21749287	0.93823989	0	1.051925681
3.850675122	3.75295956	0	4.207702726
1.528944534	0.93823989	0	1.051925681
0.990982568	0	0	0
0.028313788	0	0	0
4.388637088	5.629439341	4.340729937	5.785591248
3.539223458	7.975039066	8.681459874	7.889442611
4.841657691	6.567679231	4.340729937	6.837516929
0.113255151	0	0	0
0.594589541	0.469119945	0	0.525962841
1.981965137	2.81471967	0	3.155777044
1.274120445	1.407359835	0	1.577888522
1.953651349	2.81471967	4.340729937	2.629814204
1.557258322	0.469119945	0	0.525962841
3.369340732	7.036799176	0	7.889442611
0.707844692	1.407359835	0	1.577888522
2.095220287	3.283839615	0	3.681739885
0.934354993	3.283839615	0	3.681739885
1.047610144	3.283839615	0	3.681739885
4.077185424	3.75295956	4.340729937	3.681739885
0.283137877	0.469119945	0	0.525962841
3.142830431	10.78975874	0	12.09714534
0.84941363	0.93823989	0	1.051925681
1.019296356	0.93823989	4.340729937	0.525962841
0.594589541	0.469119945	0	0.525962841
3.142830431	3.283839615	0	3.681739885
0.962668781	1.407359835	8.681459874	0.525962841
2.91632013	2.81471967	4.340729937	2.629814204
5.294678293	3.283839615	0	3.681739885
4.162126787	7.975039066	8.681459874	7.889442611
0.283137877	0.469119945	0	0.525962841
36.4964723	49.72671418	30.38510956	52.07032123
2.095220287	2.81471967	0	3.155777044
0.169882726	0	0	0
0.707844692	1.407359835	4.340729937	1.051925681
1.783768623	4.691199451	13.02218981	3.681739885
12.48638036	18.7647978	4.340729937	20.51255079
1.104237719	0.93823989	8.681459874	0
0.537961966	2.345599725	0	2.629814204
2.463299527	2.81471967	13.02218981	1.577888522
0.792786055	0.469119945	0	0.525962841
1.132551507	1.87647978	4.340729937	1.577888522
1.69882726	2.81471967	4.340729937	2.629814204
0.198196514	0.93823989	0	1.051925681
0.283137877	0	0	0
0.169882726	0.93823989	0	1.051925681
0.226510301	0	0	0
1.472316959	3.283839615	0	3.681739885
1.019296356	1.407359835	4.340729937	1.051925681
24.06671952	37.99871555	17.36291975	40.49913874
4.3603233	5.629439341	0	6.311554089
3.284399369	3.283839615	0	3.681739885
2.972947705	2.345599725	0	2.629814204
3.312713157	5.160319396	8.681459874	4.733665567
2.350044376	1.87647978	4.340729937	1.577888522
3.001261492	6.098559286	4.340729937	6.311554089
2.888006342	7.036799176	0	7.889442611
0.396393027	0.93823989	0	1.051925681
3.057889068	4.222079506	8.681459874	3.681739885
0.651217116	1.407359835	0	1.577888522
14.9213661	21.11039753	13.02218981	22.09043931
1.613885897	1.87647978	0	2.103851363
1.613885897	1.407359835	4.340729937	1.051925681
1.387375596	2.81471967	4.340729937	2.629814204
1.472316959	2.345599725	0	2.629814204
0.509648178	0.93823989	0	1.051925681
0.084941363	0.469119945	0	0.525962841
1.132551507	1.407359835	4.340729937	1.051925681
2.91632013	3.75295956	8.681459874	3.155777044
0.84941363	1.87647978	0	2.103851363
1.104237719	1.407359835	4.340729937	1.051925681
0.84941363	0.93823989	0	1.051925681
0.028313788	0.469119945	0	0.525962841
6.540484951	14.07359835	8.681459874	14.72695954
3.001261492	3.75295956	0	4.207702726
0.48133439	0.93823989	0	1.051925681
1.302434233	4.222079506	0	4.733665567
0.736158479	0.469119945	0	0.525962841
3.171144218	6.567679231	13.02218981	5.785591248
0.084941363	0	0	0
0.594589541	0.93823989	0	1.051925681
0.622903329	0.93823989	0	1.051925681
7.446526156	12.66623852	0	14.2009967
1.189179082	0.93823989	0	1.051925681
4.048871636	6.567679231	0	7.36347977
4.416950876	7.975039066	0	8.941368292
2.576554678	4.691199451	13.02218981	3.681739885
1.160865294	1.407359835	4.340729937	1.051925681
2.208475438	5.629439341	0	6.311554089
0.877727418	0.93823989	0	1.051925681
0.622903329	0.93823989	0	1.051925681
9.513432655	25.80159698	21.70364969	26.29814204
1.557258322	0.93823989	0	1.051925681
0.339765452	0.93823989	0	1.051925681
2.265103013	1.407359835	0	1.577888522
1.33074802	1.407359835	4.340729937	1.051925681
3.822361335	6.567679231	4.340729937	6.837516929
1.075923931	0.93823989	0	1.051925681
0.113255151	0	0	0
0.509648178	0.469119945	0	0.525962841
3.454282095	4.222079506	8.681459874	3.681739885
0.990982568	0.93823989	8.681459874	0
0.906041205	1.87647978	0	2.103851363
1.189179082	0.93823989	0	1.051925681
1.274120445	4.222079506	13.02218981	3.155777044
9.541746443	6.567679231	13.02218981	5.785591248
0.84941363	1.407359835	0	1.577888522
1.755454835	2.345599725	4.340729937	2.103851363
1.387375596	2.81471967	0	3.155777044
5.266364506	6.098559286	4.340729937	6.311554089
1.585572109	1.87647978	0	2.103851363
0.792786055	1.407359835	13.02218981	0
2.378358164	4.222079506	8.681459874	3.681739885
0.906041205	1.87647978	0	2.103851363
1.274120445	2.345599725	17.36291975	0.525962841
11.89179082	12.66623852	8.681459874	13.14907102
4.615147389	6.567679231	4.340729937	6.837516929
3.341026944	4.222079506	4.340729937	4.207702726
0.141568938	0	0	0
2.803064979	4.222079506	4.340729937	4.207702726
2.576554678	1.407359835	4.340729937	1.051925681
0.906041205	2.345599725	8.681459874	1.577888522
2.123534075	2.81471967	0	3.155777044
1.444003171	3.75295956	4.340729937	3.681739885
1.897023774	1.407359835	0	1.577888522
1.160865294	1.87647978	4.340729937	1.577888522
2.293416801	2.81471967	4.340729937	2.629814204
0.821099842	0.469119945	4.340729937	0
3.539223458	5.629439341	17.36291975	4.207702726
3.39765452	2.81471967	0	3.155777044
0.707844692	0.93823989	0	1.051925681
0.622903329	0	0	0
2.434985739	2.345599725	8.681459874	1.577888522
374.3082729	929.7957311	399.3471542	994.069769
1.047610144	1.87647978	0	2.103851363
0.36807924	0	0	0
1.245806657	2.81471967	4.340729937	2.629814204
2.151847863	2.81471967	4.340729937	2.629814204
1.132551507	0.469119945	0	0.525962841
4.671774965	7.036799176	0	7.889442611
2.859692554	1.87647978	0	2.103851363
1.019296356	1.87647978	4.340729937	1.577888522
2.208475438	3.75295956	8.681459874	3.155777044
0.622903329	0.469119945	0	0.525962841
2.095220287	7.505919121	13.02218981	6.837516929
1.359061808	3.75295956	8.681459874	3.155777044
0.962668781	2.345599725	4.340729937	2.103851363
1.274120445	0.469119945	4.340729937	0
11.07069098	17.35743797	26.04437962	16.30484806
9.82488432	10.32063879	13.02218981	9.993293974
0.283137877	0	0	0
0.764472267	0.93823989	0	1.051925681
2.321730589	2.345599725	0	2.629814204
1.047610144	0.93823989	8.681459874	0
0.792786055	1.407359835	4.340729937	1.051925681
1.69882726	1.87647978	0	2.103851363
2.18016165	1.87647978	0	2.103851363
0.36807924	0.469119945	0	0.525962841
0.169882726	0.469119945	0	0.525962841
0.566275753	0.93823989	0	1.051925681
1.557258322	1.87647978	0	2.103851363
1.642199685	2.345599725	0	2.629814204
2.774751191	2.345599725	4.340729937	2.103851363
2.633182253	3.75295956	8.681459874	3.155777044
2.689809828	5.629439341	0	6.311554089
5.238050718	7.036799176	0	7.889442611
2.350044376	4.222079506	8.681459874	3.681739885
0.056627575	0	0	0
2.378358164	4.222079506	0	4.733665567
0.396393027	0.469119945	4.340729937	0
1.925337561	4.222079506	4.340729937	4.207702726
1.104237719	0	0	0
1.444003171	2.345599725	13.02218981	1.051925681
0.906041205	0.93823989	4.340729937	0.525962841
1.557258322	1.87647978	4.340729937	1.577888522
0.169882726	0	0	0
1.585572109	2.345599725	0	2.629814204
2.208475438	4.691199451	4.340729937	4.733665567
2.208475438	4.222079506	4.340729937	4.207702726
0.283137877	0	0	0
1.33074802	1.407359835	4.340729937	1.051925681
1.925337561	1.407359835	4.340729937	1.051925681
3.256085581	4.222079506	0	4.733665567
1.585572109	3.283839615	4.340729937	3.155777044
1.727141048	1.407359835	4.340729937	1.051925681
0.141568938	0.93823989	0	1.051925681
0.736158479	0.469119945	0	0.525962841
6.79530904	13.13535846	0	14.72695954
2.604868465	2.81471967	0	3.155777044
1.387375596	1.87647978	0	2.103851363
0.424706815	1.407359835	8.681459874	0.525962841
1.897023774	2.345599725	0	2.629814204
1.047610144	0.469119945	0	0.525962841
0.651217116	0	0	0
0.764472267	0.469119945	0	0.525962841
2.293416801	1.87647978	0	2.103851363
0.736158479	0	0	0
1.472316959	2.345599725	0	2.629814204
4.813343903	10.78975874	8.681459874	11.04521966
3.312713157	4.691199451	4.340729937	4.733665567
5.407933444	7.975039066	13.02218981	7.36347977
1.132551507	1.407359835	4.340729937	1.051925681
5.039854204	4.691199451	0	5.259628407
3.001261492	7.036799176	4.340729937	7.36347977
0.028313788	0.469119945	0	0.525962841
0.141568938	0	0	0
2.604868465	1.87647978	4.340729937	1.577888522
0.679530904	0.93823989	0	1.051925681
2.350044376	3.75295956	8.681459874	3.155777044
0.707844692	0.93823989	0	1.051925681
4.983226629	8.913278956	0	9.993293974
2.010278924	0.93823989	4.340729937	0.525962841
0.990982568	0.469119945	0	0.525962841
2.803064979	4.222079506	4.340729937	4.207702726
4.162126787	10.78975874	4.340729937	11.5711825
0.283137877	0	0	0
1.557258322	3.75295956	0	4.207702726
0.254824089	0	0	0
1.415689383	0.93823989	4.340729937	0.525962841
1.415689383	1.407359835	4.340729937	1.051925681
4.615147389	6.098559286	0	6.837516929
2.434985739	4.691199451	0	5.259628407
10.95743583	13.60447841	13.02218981	13.67503386
21.97149923	22.04863742	13.02218981	23.14236499
2.604868465	7.975039066	0	8.941368292
0.141568938	0.93823989	0	1.051925681
2.265103013	3.75295956	13.02218981	2.629814204
0	0	0	0
0.36807924	0	0	0
0.283137877	0.93823989	0	1.051925681
0.594589541	1.407359835	0	1.577888522
1.585572109	1.87647978	0	2.103851363
2.604868465	3.283839615	4.340729937	3.155777044
0.990982568	1.87647978	8.681459874	1.051925681
0.311451664	0.93823989	0	1.051925681
0.622903329	1.407359835	0	1.577888522
1.925337561	2.345599725	4.340729937	2.103851363
2.689809828	2.81471967	4.340729937	2.629814204
2.208475438	3.75295956	4.340729937	3.681739885
1.642199685	0.93823989	8.681459874	0
0.792786055	0.469119945	0	0.525962841
0.424706815	0.93823989	0	1.051925681
0.36807924	0.93823989	0	1.051925681
0.509648178	0.93823989	0	1.051925681
1.613885897	2.345599725	4.340729937	2.103851363
1.500630746	1.87647978	0	2.103851363
3.652478609	7.505919121	4.340729937	7.889442611
33.35364187	45.97375462	30.38510956	47.86261851
1.528944534	3.283839615	4.340729937	3.155777044
0.113255151	0	0	0
2.434985739	2.345599725	8.681459874	1.577888522
1.415689383	1.87647978	0	2.103851363
7.27664343	16.41919808	17.36291975	16.30484806
11.0140634	10.78975874	17.36291975	9.993293974
0.792786055	0.93823989	4.340729937	0.525962841
1.472316959	3.283839615	0	3.681739885
0.056627575	0	0	0
1.444003171	0.93823989	0	1.051925681
5.068167992	6.567679231	4.340729937	6.837516929
1.727141048	3.283839615	4.340729937	3.155777044
5.124795567	5.160319396	0	5.785591248
1.783768623	2.345599725	0	2.629814204
1.840396198	3.75295956	4.340729937	3.681739885
2.236789226	4.222079506	0	4.733665567
3.199458006	4.222079506	4.340729937	4.207702726
0.424706815	0	0	0
0.906041205	1.87647978	4.340729937	1.577888522
2.463299527	1.407359835	0	1.577888522
1.132551507	1.407359835	4.340729937	1.051925681
5.181423143	5.160319396	0	5.785591248
5.322992081	7.505919121	4.340729937	7.889442611
0.622903329	0.469119945	0	0.525962841
0.339765452	0.93823989	0	1.051925681
7.106760704	7.505919121	0	8.415405452
0.906041205	0.93823989	0	1.051925681
1.160865294	3.283839615	0	3.681739885
0.84941363	1.87647978	4.340729937	1.577888522
16.28042791	27.67807676	21.70364969	28.4019934
1.783768623	1.407359835	0	1.577888522
5.266364506	13.13535846	13.02218981	13.14907102
0.509648178	0.93823989	0	1.051925681
2.689809828	3.283839615	4.340729937	3.155777044
0.651217116	0.93823989	0	1.051925681
0.707844692	0.469119945	0	0.525962841
1.019296356	1.87647978	13.02218981	0.525962841
2.888006342	4.691199451	13.02218981	3.681739885
0.283137877	0.93823989	4.340729937	0.525962841
0.48133439	0	0	0
0.396393027	0	0	0
0.84941363	1.87647978	0	2.103851363
3.057889068	6.567679231	0	7.36347977
0.537961966	0.93823989	8.681459874	0
2.236789226	3.283839615	4.340729937	3.155777044
1.104237719	1.407359835	0	1.577888522
2.91632013	6.098559286	8.681459874	5.785591248
1.528944534	2.345599725	8.681459874	1.577888522
0.566275753	0.93823989	0	1.051925681
3.369340732	7.975039066	4.340729937	8.415405452
0.764472267	1.407359835	0	1.577888522
1.189179082	2.81471967	8.681459874	2.103851363
11.63696673	14.07359835	0	15.77888522
2.888006342	2.345599725	0	2.629814204
0.792786055	0.93823989	0	1.051925681
1.472316959	0.469119945	0	0.525962841
2.350044376	3.283839615	4.340729937	3.155777044
1.585572109	1.407359835	0	1.577888522
1.104237719	0.469119945	4.340729937	0
2.350044376	4.691199451	0	5.259628407
0.906041205	0.93823989	0	1.051925681
5.606129958	9.851518846	0	11.04521966
5.294678293	13.60447841	8.681459874	14.2009967
2.774751191	7.036799176	17.36291975	5.785591248
4.530206026	5.160319396	8.681459874	4.733665567
2.095220287	1.407359835	0	1.577888522
3.51090967	5.160319396	8.681459874	4.733665567
55.41008246	64.26943247	39.06656943	67.32324361
14.58160065	22.04863742	30.38510956	21.03851363
4.332009513	4.222079506	0	4.733665567
1.868709986	3.75295956	8.681459874	3.155777044
2.0669065	1.407359835	0	1.577888522
2.972947705	3.283839615	0	3.681739885
0.198196514	0	0	0
4.586833602	3.75295956	4.340729937	3.681739885
1.104237719	0.469119945	0	0.525962841
4.785030115	8.444159011	8.681459874	8.415405452
0.113255151	0.469119945	0	0.525962841
0.764472267	0.469119945	4.340729937	0
2.576554678	3.283839615	0	3.681739885
1.019296356	0.93823989	0	1.051925681
1.472316959	1.407359835	8.681459874	0.525962841
1.755454835	2.81471967	4.340729937	2.629814204
0.36807924	0.469119945	0	0.525962841
3.51090967	6.567679231	4.340729937	6.837516929
7.191702067	9.851518846	4.340729937	10.51925681
10.13633598	12.19711857	8.681459874	12.62310818
2.038592712	0.469119945	0	0.525962841
1.613885897	0.93823989	0	1.051925681
1.69882726	0	0	0
0.113255151	0	0	0
6.936877978	11.72799863	13.02218981	11.5711825
3.709106184	4.691199451	4.340729937	4.733665567
0.707844692	0.469119945	0	0.525962841
11.94841839	16.88831802	8.681459874	17.88273658
8.154370848	9.382398901	4.340729937	9.993293974
3.425968307	7.975039066	0	8.941368292
2.321730589	3.283839615	0	3.681739885
3.02957528	4.222079506	8.681459874	3.681739885
2.831378767	4.691199451	13.02218981	3.681739885
10.1080222	13.60447841	4.340729937	14.72695954
2.151847863	2.81471967	0	3.155777044
1.500630746	1.87647978	0	2.103851363
7.106760704	8.913278956	13.02218981	8.415405452
0.141568938	0	0	0
8.12605706	7.975039066	4.340729937	8.415405452
0.84941363	1.87647978	8.681459874	1.051925681
0	0	0	0
2.746437404	3.75295956	0	4.207702726
2.123534075	3.75295956	4.340729937	3.681739885
0.594589541	0.469119945	0	0.525962841
1.783768623	4.222079506	13.02218981	3.155777044
0.311451664	0	0	0
0.36807924	0.469119945	0	0.525962841
4.756716328	3.75295956	4.340729937	3.681739885
1.160865294	0.469119945	4.340729937	0
4.275381937	9.382398901	8.681459874	9.467331133
3.737419972	6.567679231	4.340729937	6.837516929
0.962668781	1.87647978	0	2.103851363
5.94589541	5.160319396	0	5.785591248
1.387375596	1.407359835	0	1.577888522
3.425968307	3.283839615	8.681459874	2.629814204
0.537961966	0.469119945	4.340729937	0
3.595851033	7.036799176	13.02218981	6.311554089
4.700088752	5.160319396	4.340729937	5.259628407
0.339765452	0	0	0
0.424706815	0.469119945	0	0.525962841
3.709106184	7.036799176	4.340729937	7.36347977
0.424706815	0	0	0
3.87898891	3.283839615	0	3.681739885
0.36807924	0.93823989	4.340729937	0.525962841
6.144091923	6.567679231	4.340729937	6.837516929
2.010278924	3.283839615	0	3.681739885
1.500630746	0.93823989	0	1.051925681
4.954912841	11.25887868	8.681459874	11.5711825
0.056627575	0	0	0
0.056627575	0	0	0
1.472316959	1.407359835	0	1.577888522
0.169882726	0.469119945	0	0.525962841
9.428491292	12.19711857	8.681459874	12.62310818
1.359061808	0.93823989	0	1.051925681
1.755454835	1.407359835	4.340729937	1.051925681
0.169882726	0.469119945	0	0.525962841
1.727141048	0.93823989	4.340729937	0.525962841
0.028313788	0	0	0
0.283137877	0.469119945	0	0.525962841
3.737419972	6.567679231	4.340729937	6.837516929
1.557258322	2.81471967	4.340729937	2.629814204
4.218754362	4.691199451	0	5.259628407
4.671774965	10.32063879	13.02218981	9.993293974
0.622903329	1.407359835	0	1.577888522
1.189179082	1.407359835	4.340729937	1.051925681
0.311451664	0.469119945	0	0.525962841
2.54824089	4.691199451	0	5.259628407
0.48133439	0.93823989	0	1.051925681
0.283137877	0	0	0
0.48133439	0.469119945	0	0.525962841
2.265103013	2.81471967	8.681459874	2.103851363
1.075923931	0.93823989	0	1.051925681
14.58160065	16.41919808	8.681459874	17.35677374
5.832640259	13.13535846	17.36291975	12.62310818
0.84941363	1.407359835	4.340729937	1.051925681
0.113255151	0	0	0
1.840396198	2.81471967	8.681459874	2.103851363
0.821099842	1.407359835	4.340729937	1.051925681
4.190440574	4.222079506	0	4.733665567
2.661496041	3.283839615	0	3.681739885
1.557258322	3.283839615	4.340729937	3.155777044
0.453020603	0	0	0
5.09648178	4.222079506	8.681459874	3.681739885
4.190440574	4.222079506	8.681459874	3.681739885
0.169882726	0.469119945	0	0.525962841
0.877727418	0	0	0
1.670513472	1.87647978	0	2.103851363
1.132551507	0	0	0
0.396393027	0	0	0
0.198196514	0.93823989	0	1.051925681
2.321730589	3.75295956	0	4.207702726
1.387375596	0.93823989	0	1.051925681
0.396393027	0	0	0
2.236789226	7.036799176	4.340729937	7.36347977
1.33074802	3.75295956	0	4.207702726
1.868709986	2.345599725	4.340729937	2.103851363
0.453020603	0.469119945	0	0.525962841
10.3345325	20.17215764	17.36291975	20.51255079
1.69882726	2.345599725	0	2.629814204
1.500630746	0	0	0
1.104237719	2.345599725	0	2.629814204
0.622903329	1.87647978	0	2.103851363
0.736158479	0	0	0
1.585572109	2.345599725	0	2.629814204
1.528944534	0.93823989	0	1.051925681
3.057889068	5.629439341	0	6.311554089
0.36807924	0.93823989	0	1.051925681
2.576554678	2.345599725	0	2.629814204
2.633182253	3.75295956	0	4.207702726
0.679530904	0	0	0
4.218754362	7.975039066	0	8.941368292
6.398916012	12.19711857	8.681459874	12.62310818
9.93813947	17.35743797	4.340729937	18.93466227
1.33074802	1.407359835	0	1.577888522
1.925337561	5.160319396	13.02218981	4.207702726
3.001261492	6.567679231	4.340729937	6.837516929
1.727141048	1.407359835	0	1.577888522
3.114516643	6.098559286	4.340729937	6.311554089
1.925337561	3.283839615	4.340729937	3.155777044
0.821099842	0.93823989	4.340729937	0.525962841
3.057889068	3.75295956	4.340729937	3.681739885
0.679530904	0.93823989	0	1.051925681
1.472316959	1.407359835	4.340729937	1.051925681
0.48133439	0	0	0
0.906041205	1.87647978	0	2.103851363
3.935616485	5.160319396	4.340729937	5.259628407
0.594589541	2.345599725	4.340729937	2.103851363
16.33705548	16.88831802	13.02218981	17.35677374
1.21749287	1.407359835	0	1.577888522
2.434985739	4.222079506	4.340729937	4.207702726
0.084941363	0	0	0
1.868709986	0.469119945	0	0.525962841
3.369340732	8.444159011	8.681459874	8.415405452
1.047610144	0	0	0
3.935616485	6.098559286	13.02218981	5.259628407
1.189179082	1.87647978	0	2.103851363
0.056627575	0	0	0
1.274120445	1.407359835	8.681459874	0.525962841
5.974209197	11.72799863	4.340729937	12.62310818
5.776012684	8.913278956	8.681459874	8.941368292
0.028313788	0.469119945	0	0.525962841
3.765733759	4.691199451	8.681459874	4.207702726
0.141568938	0	0	0
0	0.469119945	0	0.525962841
13.13759748	16.41919808	13.02218981	16.8308109
3.142830431	4.691199451	4.340729937	4.733665567
6.285660862	7.505919121	8.681459874	7.36347977
2.0669065	1.407359835	0	1.577888522
3.171144218	6.098559286	0	6.837516929
1.387375596	2.81471967	4.340729937	2.629814204
3.51090967	6.567679231	13.02218981	5.785591248
0.396393027	0	0	0
4.700088752	9.382398901	4.340729937	9.993293974
0.48133439	0	0	0
0.283137877	0	0	0
0.821099842	0.469119945	0	0.525962841
1.613885897	0.93823989	0	1.051925681
2.888006342	4.691199451	0	5.259628407
3.482595883	4.691199451	0	5.259628407
0.792786055	0.93823989	0	1.051925681
1.160865294	0.469119945	0	0.525962841
5.464561019	4.691199451	8.681459874	4.207702726
2.18016165	1.87647978	0	2.103851363
1.132551507	0.93823989	0	1.051925681
1.33074802	0.469119945	0	0.525962841
1.500630746	0.93823989	4.340729937	0.525962841
0.84941363	1.407359835	4.340729937	1.051925681
0.84941363	0.469119945	0	0.525962841
0	0	0	0
4.162126787	5.629439341	8.681459874	5.259628407
0.084941363	0	0	0
1.245806657	0.93823989	4.340729937	0.525962841
0.48133439	0	0	0
0.906041205	1.407359835	4.340729937	1.051925681
5.974209197	13.60447841	4.340729937	14.72695954
0.764472267	0.93823989	4.340729937	0.525962841
2.633182253	1.87647978	0	2.103851363
3.765733759	1.87647978	0	2.103851363
3.794047547	9.851518846	8.681459874	9.993293974
2.151847863	4.691199451	0	5.259628407
2.151847863	1.407359835	0	1.577888522
0.566275753	0	0	0
0	0	0	0
0.509648178	0.93823989	8.681459874	0
0.566275753	0.469119945	4.340729937	0
1.783768623	2.345599725	0	2.629814204
2.350044376	2.345599725	0	2.629814204
1.132551507	1.407359835	0	1.577888522
0.056627575	0	0	0
1.21749287	3.283839615	0	3.681739885
0.311451664	0	0	0
0.566275753	0	0	0
1.302434233	2.345599725	4.340729937	2.103851363
0.424706815	1.407359835	4.340729937	1.051925681
0.509648178	0	0	0
2.378358164	6.098559286	4.340729937	6.311554089
2.265103013	2.81471967	0	3.155777044
0.028313788	0.469119945	0	0.525962841
2.746437404	6.098559286	0	6.837516929
0.990982568	1.87647978	8.681459874	1.051925681
0.339765452	0.93823989	4.340729937	0.525962841
0.934354993	1.87647978	0	2.103851363
0.36807924	1.407359835	0	1.577888522
0.792786055	3.283839615	4.340729937	3.155777044
0.537961966	0.469119945	0	0.525962841
2.718123616	2.81471967	4.340729937	2.629814204
0.792786055	0	0	0
0.906041205	0.93823989	0	1.051925681
0.594589541	0.469119945	0	0.525962841
1.642199685	2.345599725	4.340729937	2.103851363
4.671774965	7.505919121	13.02218981	6.837516929
2.265103013	2.81471967	4.340729937	2.629814204
0.792786055	0.469119945	0	0.525962841
1.075923931	1.407359835	0	1.577888522
2.321730589	3.283839615	4.340729937	3.155777044
3.765733759	3.75295956	4.340729937	3.681739885
2.746437404	3.75295956	4.340729937	3.681739885
0.254824089	0.469119945	0	0.525962841
0.396393027	0	0	0
0.736158479	0.469119945	0	0.525962841
0.651217116	0	0	0
2.944633917	4.222079506	0	4.733665567
3.39765452	4.222079506	4.340729937	4.207702726
0.311451664	0.469119945	4.340729937	0
1.274120445	2.345599725	4.340729937	2.103851363
1.075923931	0.469119945	0	0.525962841
0.962668781	1.407359835	0	1.577888522
1.897023774	2.81471967	0	3.155777044
2.859692554	5.160319396	4.340729937	5.259628407
0.934354993	0.93823989	4.340729937	0.525962841
1.019296356	1.87647978	0	2.103851363
0.792786055	0.93823989	0	1.051925681
3.709106184	7.505919121	13.02218981	6.837516929
4.898285266	5.160319396	8.681459874	4.733665567
3.963930273	4.222079506	0	4.733665567
1.755454835	2.81471967	0	3.155777044
0.169882726	0	0	0
2.406671952	1.87647978	0	2.103851363
1.019296356	1.407359835	0	1.577888522
1.075923931	0.93823989	0	1.051925681
2.604868465	0.93823989	0	1.051925681
1.981965137	3.283839615	0	3.681739885
3.171144218	5.629439341	4.340729937	5.785591248
0.566275753	0.469119945	0	0.525962841
0.84941363	2.345599725	0	2.629814204
0.311451664	0.469119945	0	0.525962841
0.906041205	1.407359835	0	1.577888522
0.821099842	1.87647978	4.340729937	1.577888522
1.189179082	3.283839615	0	3.681739885
0.934354993	3.75295956	4.340729937	3.681739885
1.274120445	1.407359835	0	1.577888522
4.162126787	0.93823989	4.340729937	0.525962841
2.972947705	1.407359835	4.340729937	1.051925681
0	0	0	0
1.359061808	0.93823989	0	1.051925681
1.302434233	1.87647978	0	2.103851363
5.011540417	12.66623852	8.681459874	13.14907102
14.6948558	16.88831802	8.681459874	17.88273658
1.472316959	2.345599725	4.340729937	2.103851363
1.302434233	1.87647978	4.340729937	1.577888522
1.613885897	2.345599725	4.340729937	2.103851363
1.444003171	0.469119945	0	0.525962841
0.453020603	0.93823989	0	1.051925681
1.359061808	0.469119945	0	0.525962841
0.622903329	1.87647978	4.340729937	1.577888522
0.651217116	0.93823989	4.340729937	0.525962841
2.095220287	1.407359835	0	1.577888522
0.792786055	0	0	0
1.812082411	2.345599725	0	2.629814204
2.576554678	3.283839615	0	3.681739885
0.028313788	0	0	0
2.91632013	3.75295956	8.681459874	3.155777044
3.199458006	3.75295956	4.340729937	3.681739885
1.557258322	3.283839615	4.340729937	3.155777044
0.113255151	0	0	0
0.707844692	1.407359835	0	1.577888522
1.019296356	1.87647978	4.340729937	1.577888522
0.566275753	1.407359835	0	1.577888522
0.48133439	0.93823989	4.340729937	0.525962841
0.792786055	1.407359835	4.340729937	1.051925681
2.944633917	2.345599725	8.681459874	1.577888522
11.32551507	9.851518846	13.02218981	9.467331133
1.415689383	2.81471967	0	3.155777044
1.274120445	1.407359835	0	1.577888522
0.962668781	0.93823989	0	1.051925681
0.056627575	0	0	0
5.719385108	7.505919121	4.340729937	7.889442611
0.311451664	0	0	0
1.21749287	2.345599725	4.340729937	2.103851363
2.038592712	3.283839615	0	3.681739885
1.21749287	1.407359835	4.340729937	1.051925681
13.02434233	19.23391775	17.36291975	19.46062511
3.369340732	7.975039066	4.340729937	8.415405452
8.154370848	10.78975874	4.340729937	11.5711825
1.500630746	1.87647978	0	2.103851363
3.284399369	5.160319396	4.340729937	5.259628407
0.764472267	0.93823989	0	1.051925681
0.028313788	0	0	0
0.679530904	0.469119945	0	0.525962841
1.585572109	1.407359835	0	1.577888522
1.585572109	4.222079506	4.340729937	4.207702726
0.283137877	0	0	0
2.406671952	2.345599725	4.340729937	2.103851363
3.539223458	5.160319396	13.02218981	4.207702726
2.321730589	3.283839615	8.681459874	2.629814204
0.594589541	0	0	0
1.302434233	1.407359835	0	1.577888522
1.557258322	1.87647978	0	2.103851363
1.415689383	2.81471967	4.340729937	2.629814204
3.680792396	4.691199451	0	5.259628407
2.434985739	1.407359835	0	1.577888522
0.169882726	0.469119945	0	0.525962841
0.906041205	0.469119945	4.340729937	0
4.275381937	6.567679231	4.340729937	6.837516929
1.359061808	2.345599725	0	2.629814204
2.661496041	3.283839615	4.340729937	3.155777044
1.840396198	1.407359835	0	1.577888522
2.434985739	2.81471967	0	3.155777044
0.424706815	0	0	0
4.077185424	5.160319396	0	5.785591248
1.359061808	1.407359835	0	1.577888522
0.028313788	0	0	0
1.245806657	0.93823989	0	1.051925681
0.594589541	1.407359835	4.340729937	1.051925681
2.123534075	1.407359835	4.340729937	1.051925681
1.33074802	2.345599725	0	2.629814204
0.141568938	0	0	0
3.142830431	3.75295956	0	4.207702726
1.160865294	3.75295956	8.681459874	3.155777044
1.132551507	2.81471967	17.36291975	1.051925681
0.169882726	0.93823989	4.340729937	0.525962841
1.897023774	3.283839615	0	3.681739885
1.500630746	1.407359835	4.340729937	1.051925681
3.312713157	2.81471967	0	3.155777044
4.416950876	5.629439341	0	6.311554089
0.226510301	0	0	0
8.465822512	11.25887868	4.340729937	12.09714534
4.218754362	8.913278956	0	9.993293974
0.084941363	0	0	0
0.651217116	0	0	0
4.275381937	6.098559286	8.681459874	5.785591248
0.424706815	0.469119945	0	0.525962841
8.324253574	14.07359835	4.340729937	15.25292238
1.840396198	0.93823989	4.340729937	0.525962841
0.622903329	0	0	0
0.056627575	0	0	0
1.387375596	2.345599725	4.340729937	2.103851363
1.727141048	0.93823989	0	1.051925681
2.661496041	4.222079506	8.681459874	3.681739885
2.689809828	1.87647978	0	2.103851363
1.359061808	0.469119945	0	0.525962841
1.840396198	1.87647978	0	2.103851363
1.415689383	3.75295956	0	4.207702726
2.378358164	3.75295956	0	4.207702726
0.622903329	0.93823989	0	1.051925681
4.586833602	5.629439341	0	6.311554089
2.293416801	3.75295956	0	4.207702726
0.113255151	0.93823989	0	1.051925681
1.642199685	0.469119945	0	0.525962841
2.236789226	1.407359835	0	1.577888522
0.396393027	0.469119945	0	0.525962841
175.74368	272.0895681	173.6291975	284.019934
1.783768623	1.407359835	0	1.577888522
0.566275753	0.469119945	0	0.525962841
0.396393027	0.469119945	0	0.525962841
0.254824089	0.469119945	0	0.525962841
0.169882726	0	0	0
2.831378767	5.160319396	0	5.785591248
0.48133439	0	0	0
0.84941363	0.93823989	4.340729937	0.525962841
1.047610144	1.407359835	0	1.577888522
2.406671952	3.75295956	0	4.207702726
3.935616485	7.975039066	0	8.941368292
1.953651349	3.75295956	4.340729937	3.681739885
1.897023774	0	0	0
0.906041205	0.469119945	0	0.525962841
2.321730589	0.93823989	0	1.051925681
0.990982568	1.87647978	0	2.103851363
0.169882726	0	0	0
1.585572109	2.345599725	4.340729937	2.103851363
3.51090967	9.851518846	13.02218981	9.467331133
2.236789226	3.75295956	0	4.207702726
3.822361335	1.407359835	0	1.577888522
0.396393027	0	0	0
1.897023774	5.629439341	4.340729937	5.785591248
0.84941363	1.407359835	4.340729937	1.051925681
2.831378767	1.407359835	4.340729937	1.051925681
0.028313788	0	0	0
2.803064979	4.222079506	0	4.733665567
2.491613315	3.75295956	8.681459874	3.155777044
0.566275753	0.469119945	0	0.525962841
0.226510301	0.93823989	0	1.051925681
0.254824089	0	0	0
3.794047547	4.222079506	8.681459874	3.681739885
8.041115697	16.88831802	4.340729937	18.40869943
0.141568938	0	0	0
0.792786055	0.93823989	0	1.051925681
2.038592712	2.81471967	0	3.155777044
0.453020603	0	0	0
1.33074802	1.87647978	4.340729937	1.577888522
7.814605396	10.32063879	30.38510956	7.889442611
1.160865294	0.469119945	0	0.525962841
1.953651349	4.222079506	0	4.733665567
1.727141048	0.469119945	0	0.525962841
0.651217116	0	0	0
1.613885897	0.469119945	0	0.525962841
0.651217116	0	0	0
0	0	0	0
2.151847863	3.283839615	8.681459874	2.629814204
10.53272901	13.13535846	13.02218981	13.14907102
1.444003171	0.469119945	4.340729937	0
2.321730589	4.691199451	0	5.259628407
0.169882726	0	0	0
6.653740101	3.283839615	0	3.681739885
2.378358164	3.283839615	0	3.681739885
1.981965137	2.345599725	4.340729937	2.103851363
1.019296356	0.469119945	0	0.525962841
1.415689383	0.469119945	0	0.525962841
2.519927102	3.283839615	4.340729937	3.155777044
0.537961966	0	0	0
2.208475438	4.691199451	0	5.259628407
2.095220287	1.407359835	0	1.577888522
2.689809828	5.629439341	8.681459874	5.259628407
0.736158479	0	0	0
2.095220287	1.87647978	0	2.103851363
0.566275753	0.469119945	0	0.525962841
38.30855471	39.40607538	39.06656943	39.44721305
1.21749287	0.469119945	0	0.525962841
3.794047547	7.975039066	4.340729937	8.415405452
0.537961966	0.93823989	4.340729937	0.525962841
1.104237719	0.93823989	0	1.051925681
2.038592712	4.222079506	4.340729937	4.207702726
2.519927102	0.469119945	0	0.525962841
1.160865294	3.75295956	0	4.207702726
1.868709986	3.283839615	4.340729937	3.155777044
1.075923931	1.407359835	4.340729937	1.051925681
2.265103013	2.81471967	4.340729937	2.629814204
0.084941363	0.469119945	0	0.525962841
3.425968307	5.629439341	0	6.311554089
1.189179082	0.93823989	4.340729937	0.525962841
1.585572109	2.345599725	4.340729937	2.103851363
0.056627575	0	0	0
6.851936615	9.382398901	4.340729937	9.993293974
3.142830431	4.222079506	4.340729937	4.207702726
1.613885897	2.345599725	4.340729937	2.103851363
0.169882726	0	0	0
1.981965137	2.81471967	8.681459874	2.103851363
70.35976235	74.12095132	78.13313887	73.6347977
1.981965137	1.87647978	0	2.103851363
2.972947705	6.098559286	13.02218981	5.259628407
0.396393027	2.345599725	0	2.629814204
0.934354993	1.407359835	0	1.577888522
0.566275753	0.93823989	0	1.051925681
7.871232971	5.629439341	8.681459874	5.259628407
1.953651349	1.87647978	0	2.103851363
2.236789226	4.222079506	13.02218981	3.155777044
2.350044376	4.222079506	8.681459874	3.681739885
0.339765452	0	0	0
2.123534075	5.160319396	8.681459874	4.733665567
14.75148337	17.82655791	30.38510956	16.30484806
1.727141048	1.407359835	0	1.577888522
1.019296356	2.81471967	0	3.155777044
3.369340732	2.81471967	0	3.155777044
2.972947705	4.222079506	8.681459874	3.681739885
0.594589541	0.469119945	0	0.525962841
0.679530904	0.93823989	0	1.051925681
1.415689383	1.407359835	0	1.577888522
0.056627575	0.469119945	0	0.525962841
0.453020603	0.469119945	0	0.525962841
0.990982568	0.93823989	0	1.051925681
3.086202855	4.222079506	13.02218981	3.155777044
1.245806657	2.81471967	4.340729937	2.629814204
1.189179082	2.345599725	4.340729937	2.103851363
0.990982568	1.407359835	4.340729937	1.051925681
0.622903329	1.407359835	8.681459874	0.525962841
7.389898581	7.975039066	13.02218981	7.36347977
1.33074802	1.87647978	0	2.103851363
4.898285266	5.629439341	8.681459874	5.259628407
1.019296356	0	0	0
1.868709986	1.407359835	0	1.577888522
0.084941363	0	0	0
3.992244061	2.81471967	0	3.155777044
0.906041205	2.345599725	0	2.629814204
14.86473852	26.73983687	13.02218981	28.4019934
0.113255151	0	0	0
3.963930273	4.691199451	13.02218981	3.681739885
2.293416801	0	0	0
2.18016165	4.222079506	0	4.733665567
0.990982568	0	0	0
1.868709986	1.87647978	0	2.103851363
2.689809828	2.345599725	0	2.629814204
1.245806657	0	0	0
0.509648178	0	0	0
1.019296356	1.87647978	4.340729937	1.577888522
2.434985739	5.629439341	4.340729937	5.785591248
1.444003171	1.87647978	0	2.103851363
1.019296356	2.81471967	4.340729937	2.629814204
0.537961966	0	0	0
0.934354993	0	0	0
2.576554678	7.036799176	0	7.889442611
1.21749287	1.87647978	4.340729937	1.577888522
0.311451664	0	0	0
8.409194937	21.57951747	4.340729937	23.66832783
4.218754362	7.505919121	21.70364969	5.785591248
2.54824089	2.345599725	8.681459874	1.577888522
3.114516643	4.222079506	4.340729937	4.207702726
1.557258322	3.283839615	4.340729937	3.155777044
5.011540417	2.81471967	4.340729937	2.629814204
1.613885897	2.81471967	8.681459874	2.103851363
3.963930273	4.691199451	4.340729937	4.733665567
4.72840254	7.036799176	4.340729937	7.36347977
1.897023774	3.283839615	4.340729937	3.155777044
3.765733759	5.629439341	4.340729937	5.785591248
0.622903329	0	0	0
2.54824089	4.222079506	8.681459874	3.681739885
1.33074802	3.283839615	0	3.681739885
0.934354993	0.469119945	0	0.525962841
0.651217116	0.469119945	4.340729937	0
2.123534075	3.283839615	0	3.681739885
10.3345325	9.382398901	0	10.51925681
1.812082411	1.87647978	0	2.103851363
0.113255151	0.469119945	0	0.525962841
2.491613315	3.75295956	8.681459874	3.155777044
0.48133439	0.469119945	0	0.525962841
3.057889068	6.098559286	0	6.837516929
41.87609196	34.71487593	47.74802931	33.13565897
1.69882726	2.345599725	0	2.629814204
2.208475438	3.283839615	4.340729937	3.155777044
3.482595883	7.975039066	13.02218981	7.36347977
2.321730589	4.222079506	4.340729937	4.207702726
2.972947705	5.160319396	4.340729937	5.259628407
0.821099842	1.407359835	4.340729937	1.051925681
0.651217116	0.469119945	0	0.525962841
0.283137877	0.469119945	0	0.525962841
1.868709986	2.81471967	8.681459874	2.103851363
1.415689383	1.407359835	4.340729937	1.051925681
3.794047547	5.629439341	4.340729937	5.785591248
0.736158479	0.93823989	0	1.051925681
0	0	0	0
6.568798738	9.382398901	8.681459874	9.467331133
2.095220287	3.75295956	4.340729937	3.681739885
6.766995252	6.098559286	8.681459874	5.785591248
1.189179082	3.283839615	4.340729937	3.155777044
1.189179082	1.407359835	4.340729937	1.051925681
0.622903329	2.345599725	0	2.629814204
2.576554678	3.75295956	4.340729937	3.681739885
0.509648178	0.469119945	0	0.525962841
2.831378767	1.407359835	0	1.577888522
2.095220287	4.691199451	0	5.259628407
0.764472267	1.407359835	0	1.577888522
1.047610144	0.469119945	0	0.525962841
1.528944534	2.81471967	0	3.155777044
2.293416801	0.93823989	0	1.051925681
4.558519814	7.505919121	4.340729937	7.889442611
4.3603233	5.160319396	0	5.785591248
8.210998423	7.505919121	8.681459874	7.36347977
1.047610144	0.469119945	0	0.525962841
0.339765452	0	0	0
3.822361335	5.160319396	8.681459874	4.733665567
1.132551507	0.469119945	4.340729937	0
2.293416801	3.75295956	0	4.207702726
2.0669065	1.407359835	0	1.577888522
3.341026944	6.567679231	4.340729937	6.837516929
4.72840254	3.75295956	4.340729937	3.681739885
2.18016165	5.160319396	8.681459874	4.733665567
1.160865294	2.81471967	4.340729937	2.629814204
1.075923931	0.469119945	0	0.525962841
1.047610144	0.93823989	8.681459874	0
1.33074802	1.407359835	4.340729937	1.051925681
1.642199685	3.75295956	4.340729937	3.681739885
4.077185424	7.505919121	13.02218981	6.837516929
0.311451664	0	0	0
0.934354993	0.93823989	4.340729937	0.525962841
2.18016165	2.345599725	0	2.629814204
0.792786055	0.93823989	0	1.051925681
0.707844692	1.407359835	0	1.577888522
3.114516643	5.629439341	8.681459874	5.259628407
2.095220287	3.75295956	4.340729937	3.681739885
9.655001594	13.60447841	13.02218981	13.67503386
3.001261492	5.629439341	4.340729937	5.785591248
3.369340732	6.567679231	4.340729937	6.837516929
0.509648178	1.407359835	0	1.577888522
1.302434233	0.93823989	0	1.051925681
0.254824089	1.407359835	0	1.577888522
4.586833602	6.098559286	17.36291975	4.733665567
1.245806657	0.469119945	4.340729937	0
2.746437404	3.283839615	0	3.681739885
1.359061808	2.345599725	0	2.629814204
0.651217116	0	0	0
1.840396198	2.345599725	0	2.629814204
1.783768623	3.75295956	4.340729937	3.681739885
0.934354993	0.469119945	0	0.525962841
0.679530904	0.93823989	0	1.051925681
0.84941363	1.407359835	0	1.577888522
1.160865294	1.87647978	0	2.103851363
3.624164821	5.629439341	0	6.311554089
0.028313788	0	0	0
3.312713157	3.283839615	0	3.681739885
0.707844692	0.469119945	0	0.525962841
0.424706815	0.469119945	0	0.525962841
0.736158479	0.93823989	0	1.051925681
2.661496041	3.283839615	8.681459874	2.629814204
1.613885897	0.469119945	0	0.525962841
2.774751191	3.283839615	0	3.681739885
0.764472267	0.469119945	4.340729937	0
0.311451664	0.469119945	0	0.525962841
0.396393027	0.469119945	0	0.525962841
0.537961966	0.469119945	0	0.525962841
2.972947705	8.913278956	4.340729937	9.467331133
0.84941363	0.469119945	0	0.525962841
0.311451664	0.469119945	4.340729937	0
0.821099842	1.87647978	4.340729937	1.577888522
1.925337561	1.407359835	4.340729937	1.051925681
2.236789226	4.691199451	0	5.259628407
3.595851033	7.036799176	8.681459874	6.837516929
3.086202855	6.098559286	4.340729937	6.311554089
1.925337561	2.345599725	8.681459874	1.577888522
0.36807924	0.469119945	0	0.525962841
7.786291608	13.13535846	13.02218981	13.14907102
5.407933444	7.975039066	8.681459874	7.889442611
1.047610144	1.87647978	0	2.103851363
0.311451664	0.469119945	0	0.525962841
2.265103013	2.345599725	0	2.629814204
2.123534075	3.283839615	4.340729937	3.155777044
1.33074802	3.75295956	4.340729937	3.681739885
1.160865294	0.93823989	0	1.051925681
4.332009513	4.222079506	0	4.733665567
0.113255151	0	0	0
2.293416801	1.407359835	8.681459874	0.525962841
3.87898891	6.567679231	4.340729937	6.837516929
0.877727418	0.469119945	0	0.525962841
0.906041205	1.407359835	0	1.577888522
3.227771794	1.87647978	0	2.103851363
0.990982568	0.469119945	4.340729937	0
0.821099842	0.93823989	8.681459874	0
0.679530904	1.87647978	0	2.103851363
0.792786055	0.469119945	0	0.525962841
0.84941363	0.469119945	0	0.525962841
0.651217116	0.469119945	0	0.525962841
2.095220287	2.345599725	0	2.629814204
3.39765452	2.345599725	0	2.629814204
0.792786055	1.407359835	4.340729937	1.051925681
2.661496041	5.160319396	8.681459874	4.733665567
0.651217116	2.81471967	0	3.155777044
0.056627575	0	0	0
2.576554678	2.345599725	0	2.629814204
2.236789226	2.81471967	4.340729937	2.629814204
1.981965137	7.036799176	8.681459874	6.837516929
1.557258322	6.567679231	13.02218981	5.785591248
2.633182253	4.691199451	4.340729937	4.733665567
5.57781617	5.160319396	8.681459874	4.733665567
4.501892239	6.098559286	0	6.837516929
0.396393027	0.93823989	0	1.051925681
2.491613315	4.222079506	0	4.733665567
3.850675122	8.444159011	0	9.467331133
0.679530904	0.93823989	4.340729937	0.525962841
1.925337561	2.81471967	0	3.155777044
0.169882726	0	0	0
1.075923931	0.93823989	0	1.051925681
1.897023774	2.81471967	4.340729937	2.629814204
0	0	0	0
0.254824089	0	0	0
2.91632013	1.87647978	0	2.103851363
1.613885897	3.283839615	0	3.681739885
1.274120445	1.87647978	4.340729937	1.577888522
3.114516643	7.975039066	4.340729937	8.415405452
6.257347074	11.25887868	8.681459874	11.5711825
1.613885897	2.345599725	4.340729937	2.103851363
1.727141048	0.469119945	0	0.525962841
2.18016165	3.75295956	4.340729937	3.681739885
4.983226629	7.975039066	13.02218981	7.36347977
0.594589541	0.93823989	0	1.051925681
1.33074802	1.87647978	8.681459874	1.051925681
0.141568938	0.469119945	0	0.525962841
0.056627575	0	0	0
1.047610144	0	0	0
2.095220287	2.345599725	4.340729937	2.103851363
0.311451664	0	0	0
0.566275753	0.469119945	0	0.525962841
0.396393027	0.93823989	0	1.051925681
2.0669065	2.345599725	0	2.629814204
1.359061808	2.81471967	0	3.155777044
0.48133439	1.87647978	0	2.103851363
0.651217116	0.93823989	4.340729937	0.525962841
7.220015855	6.567679231	0	7.36347977
1.160865294	2.345599725	0	2.629814204
0.028313788	0	0	0
4.671774965	5.629439341	4.340729937	5.785591248
6.257347074	7.036799176	8.681459874	6.837516929
4.671774965	6.567679231	0	7.36347977
17.6678035	15.01183824	21.70364969	14.2009967
1.670513472	0.469119945	0	0.525962841
11.60865294	21.57951747	17.36291975	22.09043931
2.972947705	6.567679231	17.36291975	5.259628407
0.311451664	1.407359835	0	1.577888522
1.444003171	0.93823989	0	1.051925681
157.1132078	339.6428402	182.3106574	358.7066574
16.02560382	19.70303769	26.04437962	18.93466227
2.0669065	2.81471967	8.681459874	2.103851363
2.54824089	1.87647978	4.340729937	1.577888522
0.254824089	0	0	0
0.736158479	0.93823989	0	1.051925681
1.500630746	0.469119945	4.340729937	0
0.056627575	0	0	0
4.869971478	2.81471967	4.340729937	2.629814204
0.056627575	0	0	0
1.21749287	1.407359835	0	1.577888522
0	0	0	0
1.472316959	0.93823989	0	1.051925681
1.727141048	1.407359835	4.340729937	1.051925681
1.840396198	3.283839615	0	3.681739885
1.160865294	0.93823989	4.340729937	0.525962841
12.71289066	22.98687731	30.38510956	22.09043931
3.02957528	4.222079506	4.340729937	4.207702726
12.11830112	20.64127758	26.04437962	19.98658795
0.679530904	0.469119945	4.340729937	0
0.056627575	0	0	0
5.464561019	9.382398901	13.02218981	8.941368292
3.567537246	5.629439341	4.340729937	5.785591248
0.254824089	0.93823989	4.340729937	0.525962841
3.086202855	2.81471967	4.340729937	2.629814204
1.189179082	1.407359835	4.340729937	1.051925681
9.201980991	15.01183824	0	16.8308109
0.877727418	0.93823989	4.340729937	0.525962841
0.424706815	0	0	0
1.047610144	0.93823989	0	1.051925681
4.841657691	6.098559286	0	6.837516929
1.444003171	1.407359835	0	1.577888522
3.51090967	5.629439341	4.340729937	5.785591248
3.39765452	5.160319396	4.340729937	5.259628407
0.566275753	0.469119945	0	0.525962841
0.622903329	0	0	0
1.302434233	3.283839615	8.681459874	2.629814204
1.472316959	1.87647978	0	2.103851363
0.962668781	0	0	0
2.123534075	3.283839615	4.340729937	3.155777044
4.473578451	5.160319396	8.681459874	4.733665567
4.869971478	7.036799176	4.340729937	7.36347977
1.755454835	5.160319396	4.340729937	5.259628407
15.68583837	13.13535846	17.36291975	12.62310818
5.606129958	8.913278956	8.681459874	8.941368292
0.736158479	0	0	0
2.038592712	2.345599725	0	2.629814204
8.012801909	11.25887868	26.04437962	9.467331133
2.293416801	2.345599725	4.340729937	2.103851363
9.400177505	12.66623852	8.681459874	13.14907102
2.54824089	5.160319396	4.340729937	5.259628407
1.104237719	1.87647978	8.681459874	1.051925681
1.868709986	2.81471967	0	3.155777044
5.407933444	6.567679231	8.681459874	6.311554089
0.396393027	0.469119945	0	0.525962841
2.293416801	2.345599725	0	2.629814204
0.622903329	0.469119945	0	0.525962841
4.72840254	5.629439341	0	6.311554089
0.594589541	0.93823989	0	1.051925681
3.907302698	7.505919121	4.340729937	7.889442611
0.198196514	0.93823989	0	1.051925681
3.539223458	7.036799176	0	7.889442611
2.972947705	5.160319396	4.340729937	5.259628407
1.557258322	1.407359835	0	1.577888522
0.906041205	0.469119945	0	0.525962841
0.36807924	0.469119945	0	0.525962841
3.935616485	2.81471967	0	3.155777044
0.990982568	0	0	0
5.181423143	7.036799176	8.681459874	6.837516929
1.302434233	1.87647978	4.340729937	1.577888522
1.783768623	2.81471967	4.340729937	2.629814204
0.84941363	2.345599725	0	2.629814204
0.283137877	0.93823989	4.340729937	0.525962841
0.141568938	0.469119945	0	0.525962841
1.33074802	2.345599725	4.340729937	2.103851363
0.056627575	0	0	0
2.576554678	4.691199451	8.681459874	4.207702726
0.877727418	0.93823989	0	1.051925681
0.169882726	0	0	0
1.075923931	0.469119945	0	0.525962841
3.737419972	5.160319396	0	5.785591248
5.011540417	3.75295956	8.681459874	3.155777044
3.539223458	5.160319396	8.681459874	4.733665567
1.359061808	2.345599725	4.340729937	2.103851363
0.453020603	0	0	0
1.33074802	1.407359835	4.340729937	1.051925681
4.275381937	3.75295956	4.340729937	3.681739885
1.104237719	0.469119945	0	0.525962841
1.783768623	4.222079506	0	4.733665567
0.36807924	0.469119945	0	0.525962841
2.888006342	1.87647978	4.340729937	1.577888522
2.491613315	3.75295956	0	4.207702726
0.962668781	1.87647978	0	2.103851363
1.160865294	0.93823989	4.340729937	0.525962841
0.198196514	0.469119945	0	0.525962841
0.877727418	1.407359835	0	1.577888522
0.424706815	0	0	0
2.463299527	2.81471967	0	3.155777044
0.594589541	1.407359835	4.340729937	1.051925681
1.783768623	0.93823989	4.340729937	0.525962841
11.58033916	12.66623852	13.02218981	12.62310818
1.670513472	3.283839615	8.681459874	2.629814204
8.437508724	18.7647978	8.681459874	19.98658795
0.736158479	0.93823989	0	1.051925681
2.888006342	3.75295956	0	4.207702726
0.792786055	3.283839615	13.02218981	2.103851363
2.54824089	1.407359835	0	1.577888522
4.218754362	5.629439341	0	6.311554089
2.095220287	1.87647978	4.340729937	1.577888522
0.084941363	0	0	0
0.48133439	0	0	0
3.709106184	7.975039066	0	8.941368292
1.189179082	0.93823989	0	1.051925681
2.18016165	4.222079506	0	4.733665567
1.812082411	1.407359835	0	1.577888522
1.670513472	4.222079506	0	4.733665567
1.387375596	2.345599725	4.340729937	2.103851363
8.097743272	13.60447841	8.681459874	14.2009967
4.190440574	7.036799176	4.340729937	7.36347977
0.028313788	0	0	0
2.321730589	3.283839615	4.340729937	3.155777044
1.613885897	1.87647978	4.340729937	1.577888522
2.944633917	4.691199451	8.681459874	4.207702726
1.019296356	1.407359835	0	1.577888522
1.415689383	0.93823989	0	1.051925681
4.388637088	4.691199451	4.340729937	4.733665567
4.813343903	6.567679231	13.02218981	5.785591248
0.226510301	0	0	0
0.311451664	0.93823989	0	1.051925681
1.302434233	3.283839615	8.681459874	2.629814204
2.010278924	1.407359835	0	1.577888522
1.415689383	3.75295956	8.681459874	3.155777044
5.294678293	6.567679231	4.340729937	6.837516929
2.321730589	4.691199451	0	5.259628407
0.877727418	0.93823989	0	1.051925681
1.33074802	1.87647978	4.340729937	1.577888522
2.0669065	1.87647978	4.340729937	1.577888522
0	0	0	0
2.831378767	2.81471967	0	3.155777044
0.990982568	1.407359835	4.340729937	1.051925681
0.990982568	0	0	0
2.718123616	1.87647978	4.340729937	1.577888522
3.454282095	5.160319396	0	5.785591248
1.585572109	2.81471967	0	3.155777044
1.755454835	1.87647978	4.340729937	1.577888522
1.613885897	1.87647978	0	2.103851363
1.585572109	0.469119945	0	0.525962841
0.537961966	0.469119945	0	0.525962841
1.500630746	2.345599725	4.340729937	2.103851363
1.104237719	0.469119945	0	0.525962841
2.208475438	3.75295956	4.340729937	3.681739885
2.265103013	1.87647978	4.340729937	1.577888522
0.169882726	0.469119945	0	0.525962841
0.990982568	1.407359835	0	1.577888522
0.48133439	0	0	0
0.651217116	0	0	0
1.783768623	2.345599725	0	2.629814204
0.594589541	0.93823989	0	1.051925681
2.746437404	6.098559286	4.340729937	6.311554089
0.056627575	0	0	0
10.5610428	12.66623852	4.340729937	13.67503386
1.387375596	1.87647978	0	2.103851363
2.350044376	4.222079506	8.681459874	3.681739885
0.424706815	0.93823989	0	1.051925681
0.084941363	0.469119945	0	0.525962841
2.095220287	0.93823989	4.340729937	0.525962841
0.311451664	1.87647978	4.340729937	1.577888522
2.378358164	3.283839615	0	3.681739885
3.114516643	2.81471967	0	3.155777044
2.859692554	2.345599725	0	2.629814204
2.406671952	1.87647978	0	2.103851363
1.274120445	0.93823989	0	1.051925681
13.5339905	27.67807676	4.340729937	30.50584476
2.208475438	3.75295956	0	4.207702726
10.75923931	15.48095819	17.36291975	15.25292238
0.084941363	0	0	0
0.764472267	1.87647978	4.340729937	1.577888522
0.594589541	0	0	0
0.821099842	0	0	0
2.010278924	1.87647978	4.340729937	1.577888522
0.226510301	0	0	0
0.48133439	0.469119945	0	0.525962841
3.341026944	2.81471967	4.340729937	2.629814204
0.962668781	0.469119945	0	0.525962841
1.302434233	1.407359835	0	1.577888522
0.056627575	0	0	0
4.813343903	5.629439341	4.340729937	5.785591248
0.169882726	0	0	0
0.509648178	0	0	0
0.113255151	0	0	0
2.095220287	2.345599725	0	2.629814204
1.812082411	0.469119945	0	0.525962841
1.613885897	1.87647978	8.681459874	1.051925681
1.047610144	0.469119945	0	0.525962841
0.622903329	0.93823989	0	1.051925681
0.651217116	0.93823989	0	1.051925681
5.776012684	0.93823989	0	1.051925681
1.755454835	5.160319396	4.340729937	5.259628407
8.069429485	11.25887868	13.02218981	11.04521966
4.048871636	2.81471967	0	3.155777044
3.284399369	4.222079506	4.340729937	4.207702726
6.540484951	13.13535846	17.36291975	12.62310818
3.114516643	4.222079506	13.02218981	3.155777044
0.84941363	0	0	0
0.48133439	0.469119945	0	0.525962841
0.934354993	1.407359835	0	1.577888522
0.311451664	0	0	0
0.453020603	0.469119945	0	0.525962841
0.962668781	0.469119945	0	0.525962841
5.634443745	10.32063879	13.02218981	9.993293974
3.482595883	4.691199451	0	5.259628407
2.095220287	1.407359835	0	1.577888522
0.962668781	0	0	0
6.4272298	9.851518846	4.340729937	10.51925681
4.105499211	4.691199451	0	5.259628407
0.226510301	1.407359835	0	1.577888522
0.36807924	0	0	0
2.293416801	4.222079506	0	4.733665567
1.160865294	0.469119945	0	0.525962841
1.755454835	1.87647978	0	2.103851363
0.283137877	0.469119945	0	0.525962841
2.038592712	2.345599725	0	2.629814204
1.585572109	1.87647978	0	2.103851363
0.141568938	0.469119945	0	0.525962841
1.302434233	1.407359835	0	1.577888522
9.598374018	15.01183824	8.681459874	15.77888522
4.020557848	4.691199451	8.681459874	4.207702726
0.056627575	0	0	0
3.425968307	2.345599725	0	2.629814204
0.84941363	0.469119945	0	0.525962841
4.954912841	5.629439341	0	6.311554089
0.707844692	0.93823989	4.340729937	0.525962841
0.339765452	0	0	0
1.444003171	2.345599725	0	2.629814204
42.32911256	100.8607882	65.11094906	105.1925681
0.169882726	0	0	0
1.670513472	2.345599725	8.681459874	1.577888522
0.679530904	0.469119945	0	0.525962841
0.283137877	0.469119945	0	0.525962841
2.888006342	2.345599725	4.340729937	2.103851363
0.169882726	0	0	0
1.613885897	0.469119945	0	0.525962841
2.095220287	2.81471967	0	3.155777044
0.707844692	1.407359835	0	1.577888522
1.500630746	0.469119945	0	0.525962841
1.444003171	0.93823989	0	1.051925681
0.48133439	0.469119945	0	0.525962841
0.84941363	2.345599725	0	2.629814204
2.831378767	2.81471967	0	3.155777044
0.906041205	0.93823989	0	1.051925681
2.293416801	7.505919121	13.02218981	6.837516929
2.888006342	2.345599725	0	2.629814204
1.359061808	1.87647978	0	2.103851363
2.095220287	2.345599725	4.340729937	2.103851363
1.840396198	3.283839615	0	3.681739885
0.651217116	1.87647978	0	2.103851363
0.311451664	1.87647978	4.340729937	1.577888522
0.84941363	1.87647978	8.681459874	1.051925681
3.142830431	4.222079506	8.681459874	3.681739885
1.047610144	1.407359835	0	1.577888522
1.075923931	1.87647978	0	2.103851363
1.557258322	1.87647978	0	2.103851363
3.624164821	4.691199451	0	5.259628407
1.387375596	1.407359835	4.340729937	1.051925681
0.169882726	0.469119945	0	0.525962841
0.679530904	2.345599725	4.340729937	2.103851363
3.142830431	2.345599725	4.340729937	2.103851363
0.453020603	0.469119945	0	0.525962841
0.453020603	0	0	0
1.019296356	1.407359835	0	1.577888522
0.792786055	2.345599725	0	2.629814204
1.585572109	0.469119945	0	0.525962841
8.692332813	11.72799863	26.04437962	9.993293974
2.095220287	3.75295956	4.340729937	3.681739885
1.585572109	1.407359835	4.340729937	1.051925681
2.265103013	3.283839615	8.681459874	2.629814204
0.254824089	0	0	0
0.566275753	0.469119945	4.340729937	0
10.22127735	6.567679231	8.681459874	6.311554089
0.141568938	0.469119945	0	0.525962841
1.727141048	3.283839615	0	3.681739885
0.594589541	0.469119945	0	0.525962841
0.877727418	2.81471967	4.340729937	2.629814204
0.028313788	0	0	0
0.339765452	0	0	0
5.20973693	6.567679231	8.681459874	6.311554089
3.086202855	4.691199451	4.340729937	4.733665567
1.415689383	1.407359835	4.340729937	1.051925681
18.09251032	15.01183824	13.02218981	15.25292238
2.406671952	1.87647978	8.681459874	1.051925681
7.786291608	12.19711857	8.681459874	12.62310818
1.897023774	1.87647978	0	2.103851363
1.415689383	0.93823989	0	1.051925681
1.868709986	6.567679231	0	7.36347977
4.133812999	5.160319396	0	5.785591248
9.371863717	15.95007813	17.36291975	15.77888522
1.359061808	6.567679231	4.340729937	6.837516929
1.953651349	4.222079506	8.681459874	3.681739885
0.254824089	0.93823989	0	1.051925681
1.642199685	2.81471967	8.681459874	2.103851363
1.245806657	1.87647978	0	2.103851363
0.877727418	0.93823989	4.340729937	0.525962841
1.047610144	2.345599725	4.340729937	2.103851363
1.21749287	0	0	0
2.888006342	1.407359835	0	1.577888522
12.37312521	19.23391775	13.02218981	19.98658795
0.141568938	0.469119945	0	0.525962841
2.859692554	5.160319396	4.340729937	5.259628407
2.54824089	5.629439341	4.340729937	5.785591248
0.566275753	0.93823989	0	1.051925681
3.454282095	7.036799176	8.681459874	6.837516929
5.068167992	7.036799176	0	7.889442611
1.755454835	0.93823989	0	1.051925681
1.274120445	3.283839615	0	3.681739885
3.142830431	3.75295956	0	4.207702726
1.21749287	0.93823989	0	1.051925681
2.972947705	0.93823989	0	1.051925681
0.424706815	0	0	0
2.491613315	2.81471967	0	3.155777044
0.396393027	0.469119945	0	0.525962841
3.02957528	4.222079506	0	4.733665567
0.651217116	0.93823989	0	1.051925681
3.341026944	6.567679231	4.340729937	6.837516929
0.651217116	0.469119945	0	0.525962841
0.028313788	0	0	0
1.415689383	0.93823989	4.340729937	0.525962841
2.944633917	7.505919121	4.340729937	7.889442611
1.840396198	2.81471967	4.340729937	2.629814204
2.519927102	2.345599725	4.340729937	2.103851363
3.624164821	2.81471967	4.340729937	2.629814204
0	0	0	0
0.84941363	1.407359835	4.340729937	1.051925681
0	0.469119945	0	0.525962841
2.293416801	8.444159011	8.681459874	8.415405452
1.557258322	4.691199451	0	5.259628407
0.821099842	1.87647978	8.681459874	1.051925681
6.144091923	7.036799176	13.02218981	6.311554089
10.92912204	10.78975874	8.681459874	11.04521966
1.387375596	1.407359835	4.340729937	1.051925681
4.332009513	8.444159011	4.340729937	8.941368292
3.057889068	6.098559286	4.340729937	6.311554089
0.056627575	0	0	0
0.028313788	0	0	0
0.962668781	0	0	0
1.812082411	2.345599725	0	2.629814204
1.783768623	2.345599725	4.340729937	2.103851363
0.679530904	1.87647978	0	2.103851363
9.201980991	15.48095819	8.681459874	16.30484806
1.472316959	1.87647978	4.340729937	1.577888522
1.415689383	1.407359835	0	1.577888522
0.198196514	0	0	0
0.707844692	0.93823989	0	1.051925681
0.594589541	0.93823989	0	1.051925681
1.415689383	1.407359835	4.340729937	1.051925681
0.453020603	0.469119945	0	0.525962841
42.64056422	65.20767236	65.11094906	65.21939225
4.105499211	5.160319396	8.681459874	4.733665567
1.075923931	1.87647978	0	2.103851363
1.075923931	0.93823989	0	1.051925681
1.897023774	0.469119945	0	0.525962841
1.047610144	2.81471967	0	3.155777044
0.113255151	0	0	0
0.962668781	1.407359835	0	1.577888522
2.604868465	7.036799176	8.681459874	6.837516929
1.359061808	2.345599725	0	2.629814204
1.019296356	0	0	0
2.095220287	1.407359835	0	1.577888522
0.707844692	0.93823989	0	1.051925681
4.445264663	3.75295956	4.340729937	3.681739885
0.736158479	0.93823989	0	1.051925681
0.821099842	1.407359835	4.340729937	1.051925681
1.500630746	1.407359835	4.340729937	1.051925681
1.528944534	4.691199451	0	5.259628407
1.727141048	1.407359835	4.340729937	1.051925681
4.048871636	6.098559286	4.340729937	6.311554089
0.821099842	0.469119945	4.340729937	0
0.792786055	0	0	0
0.028313788	0	0	0
1.642199685	1.87647978	4.340729937	1.577888522
1.585572109	0.93823989	4.340729937	0.525962841
1.897023774	1.407359835	8.681459874	0.525962841
0.962668781	0.93823989	0	1.051925681
0.36807924	1.407359835	0	1.577888522
0.594589541	1.407359835	0	1.577888522
1.472316959	4.691199451	4.340729937	4.733665567
0.622903329	0.93823989	0	1.051925681
1.642199685	1.407359835	0	1.577888522
1.981965137	1.87647978	4.340729937	1.577888522
0.113255151	0	0	0
3.39765452	5.160319396	0	5.785591248
1.33074802	0.93823989	0	1.051925681
1.415689383	0.469119945	0	0.525962841
1.670513472	1.87647978	0	2.103851363
2.888006342	7.505919121	8.681459874	7.36347977
0.254824089	0.93823989	0	1.051925681
2.321730589	1.87647978	0	2.103851363
2.689809828	0.93823989	0	1.051925681
1.585572109	0.93823989	0	1.051925681
2.208475438	1.87647978	8.681459874	1.051925681
0.424706815	0.469119945	0	0.525962841
4.445264663	4.222079506	0	4.733665567
0.509648178	0.93823989	0	1.051925681
1.302434233	0.469119945	0	0.525962841
10.22127735	14.07359835	8.681459874	14.72695954
0.396393027	1.407359835	0	1.577888522
0.028313788	0	0	0
2.491613315	4.691199451	8.681459874	4.207702726
1.868709986	1.407359835	0	1.577888522
0.283137877	0	0	0
0.36807924	0.93823989	0	1.051925681
0.141568938	0	0	0
2.774751191	6.567679231	0	7.36347977
0.226510301	0	0	0
1.557258322	0.469119945	0	0.525962841
1.528944534	0.469119945	0	0.525962841
0.736158479	0.93823989	4.340729937	0.525962841
0.36807924	1.87647978	0	2.103851363
1.868709986	3.283839615	0	3.681739885
0.736158479	0.469119945	0	0.525962841
0.990982568	0	0	0
0.764472267	0.93823989	0	1.051925681
1.387375596	1.87647978	0	2.103851363
1.274120445	1.407359835	0	1.577888522
14.89305231	12.66623852	4.340729937	13.67503386
0.424706815	0.93823989	0	1.051925681
2.038592712	3.283839615	8.681459874	2.629814204
0.906041205	1.407359835	0	1.577888522
0.453020603	0.93823989	0	1.051925681
5.436247232	6.098559286	4.340729937	6.311554089
5.464561019	10.78975874	8.681459874	11.04521966
2.831378767	2.81471967	0	3.155777044
1.783768623	7.036799176	0	7.889442611
0.028313788	0	0	0
166.7398956	170.75966	199.6735771	167.2561834
0.113255151	0	0	0
1.557258322	2.345599725	0	2.629814204
1.897023774	4.222079506	0	4.733665567
0.821099842	0.93823989	0	1.051925681
1.981965137	4.222079506	0	4.733665567
3.51090967	4.222079506	4.340729937	4.207702726
5.20973693	7.036799176	4.340729937	7.36347977
0.056627575	0	0	0
1.387375596	1.87647978	4.340729937	1.577888522
2.774751191	4.222079506	4.340729937	4.207702726
0.311451664	0.469119945	0	0.525962841
16.33705548	41.28255516	26.04437962	43.12895294
2.236789226	0.93823989	0	1.051925681
2.378358164	0.93823989	4.340729937	0.525962841
1.019296356	0	0	0
0.424706815	0.469119945	0	0.525962841
2.321730589	2.81471967	4.340729937	2.629814204
1.189179082	0.469119945	0	0.525962841
3.51090967	3.75295956	8.681459874	3.155777044
6.257347074	4.691199451	0	5.259628407
1.274120445	1.407359835	4.340729937	1.051925681
0.36807924	1.407359835	0	1.577888522
1.21749287	1.407359835	0	1.577888522
0.028313788	0.469119945	0	0.525962841
5.889267834	5.160319396	8.681459874	4.733665567
1.132551507	1.87647978	0	2.103851363
1.472316959	2.81471967	0	3.155777044
0.651217116	0.93823989	0	1.051925681
0.707844692	1.87647978	0	2.103851363
2.293416801	1.87647978	8.681459874	1.051925681
1.444003171	0.93823989	0	1.051925681
0.339765452	0.93823989	0	1.051925681
2.54824089	3.283839615	8.681459874	2.629814204
0.651217116	0.93823989	0	1.051925681
0.113255151	0	0	0
2.54824089	3.75295956	0	4.207702726
1.642199685	0.93823989	4.340729937	0.525962841
0.622903329	0.93823989	0	1.051925681
1.868709986	3.75295956	13.02218981	2.629814204
0.821099842	0.93823989	0	1.051925681
0.36807924	0	0	0
2.491613315	5.629439341	8.681459874	5.259628407
1.302434233	2.345599725	4.340729937	2.103851363
15.96897624	17.82655791	26.04437962	16.8308109
4.501892239	3.75295956	4.340729937	3.681739885
0.056627575	0.469119945	0	0.525962841
0.311451664	0.469119945	0	0.525962841
3.709106184	5.629439341	4.340729937	5.785591248
1.160865294	1.87647978	0	2.103851363
0.36807924	0.469119945	0	0.525962841
0.821099842	0	0	0
2.265103013	1.87647978	4.340729937	1.577888522
7.333271005	5.629439341	8.681459874	5.259628407
0.283137877	0.469119945	4.340729937	0
1.132551507	2.81471967	8.681459874	2.103851363
7.333271005	9.382398901	30.38510956	6.837516929
1.415689383	1.87647978	4.340729937	1.577888522
3.794047547	2.81471967	0	3.155777044
2.576554678	4.222079506	4.340729937	4.207702726
1.783768623	2.345599725	4.340729937	2.103851363
0.169882726	0	0	0
0.283137877	0	0	0
2.010278924	0.469119945	0	0.525962841
2.519927102	2.81471967	0	3.155777044
3.425968307	7.975039066	13.02218981	7.36347977
1.585572109	1.407359835	13.02218981	0
3.199458006	4.222079506	8.681459874	3.681739885
0.339765452	0	0	0
0.792786055	0.469119945	0	0.525962841
1.33074802	1.407359835	0	1.577888522
0.311451664	0	0	0
1.897023774	3.283839615	4.340729937	3.155777044
0.339765452	0	0	0
1.783768623	1.87647978	4.340729937	1.577888522
1.047610144	2.81471967	4.340729937	2.629814204
3.87898891	8.913278956	0	9.993293974
0.764472267	0.93823989	0	1.051925681
11.38214264	15.95007813	17.36291975	15.77888522
0.453020603	0.469119945	4.340729937	0
0.028313788	0	0	0
1.019296356	1.87647978	4.340729937	1.577888522
2.718123616	2.345599725	4.340729937	2.103851363
0.679530904	2.345599725	4.340729937	2.103851363
5.804326471	6.567679231	0	7.36347977
1.925337561	7.036799176	0	7.889442611
2.491613315	2.81471967	4.340729937	2.629814204
1.897023774	2.81471967	0	3.155777044
0.877727418	1.407359835	0	1.577888522
0.707844692	0.469119945	0	0.525962841
1.274120445	0	0	0
6.483857375	9.382398901	13.02218981	8.941368292
1.387375596	3.75295956	0	4.207702726
1.783768623	2.81471967	0	3.155777044
5.039854204	7.036799176	4.340729937	7.36347977
3.39765452	8.913278956	13.02218981	8.415405452
4.785030115	2.81471967	4.340729937	2.629814204
1.33074802	1.87647978	4.340729937	1.577888522
0.707844692	0.469119945	0	0.525962841
2.321730589	2.81471967	4.340729937	2.629814204
1.21749287	0.93823989	0	1.051925681
4.105499211	4.222079506	0	4.733665567
1.642199685	1.87647978	8.681459874	1.051925681
1.868709986	0.93823989	0	1.051925681
4.586833602	9.382398901	8.681459874	9.467331133
3.256085581	1.407359835	0	1.577888522
2.378358164	5.160319396	0	5.785591248
4.162126787	4.691199451	13.02218981	3.681739885
0.113255151	0	0	0
0.056627575	0	0	0
1.981965137	2.345599725	0	2.629814204
2.350044376	2.345599725	0	2.629814204
1.585572109	2.345599725	4.340729937	2.103851363
0.679530904	0.469119945	0	0.525962841
15.03462125	17.82655791	21.70364969	17.35677374
3.454282095	4.691199451	4.340729937	4.733665567
2.406671952	2.81471967	4.340729937	2.629814204
3.057889068	3.75295956	4.340729937	3.681739885
0.594589541	1.407359835	4.340729937	1.051925681
1.557258322	2.345599725	8.681459874	1.577888522
1.613885897	2.81471967	4.340729937	2.629814204
3.850675122	4.691199451	0	5.259628407
0.311451664	0.469119945	0	0.525962841
4.841657691	5.629439341	4.340729937	5.785591248
2.519927102	1.87647978	0	2.103851363
0.764472267	0.93823989	0	1.051925681
2.236789226	2.81471967	8.681459874	2.103851363
1.245806657	0.469119945	0	0.525962841
0.594589541	0.469119945	0	0.525962841
3.624164821	8.913278956	8.681459874	8.941368292
0.962668781	0.469119945	0	0.525962841
0.396393027	0.469119945	0	0.525962841
5.294678293	11.72799863	4.340729937	12.62310818
0.339765452	0.93823989	0	1.051925681
2.803064979	4.691199451	4.340729937	4.733665567
0.821099842	0.469119945	0	0.525962841
2.265103013	1.407359835	0	1.577888522
1.755454835	5.629439341	0	6.311554089
0.36807924	0.469119945	0	0.525962841
0.028313788	0	0	0
0.36807924	0.469119945	4.340729937	0
3.765733759	2.81471967	0	3.155777044
3.057889068	6.098559286	17.36291975	4.733665567
0.792786055	1.407359835	4.340729937	1.051925681
0.169882726	0	0	0
1.981965137	2.345599725	0	2.629814204
5.436247232	6.098559286	8.681459874	5.785591248
0.651217116	2.345599725	0	2.629814204
2.123534075	1.87647978	4.340729937	1.577888522
1.642199685	1.87647978	0	2.103851363
0.084941363	0	0	0
6.540484951	5.160319396	4.340729937	5.259628407
3.086202855	4.222079506	8.681459874	3.681739885
1.783768623	0.93823989	0	1.051925681
0.622903329	0	0	0
1.69882726	2.345599725	0	2.629814204
0.028313788	0	0	0
1.359061808	2.345599725	4.340729937	2.103851363
4.445264663	4.691199451	4.340729937	4.733665567
1.727141048	2.345599725	4.340729937	2.103851363
9.739942957	12.66623852	0	14.2009967
0.311451664	0	0	0
2.151847863	1.87647978	4.340729937	1.577888522
2.434985739	2.345599725	8.681459874	1.577888522
1.925337561	2.81471967	0	3.155777044
6.90856419	6.098559286	0	6.837516929
1.132551507	0.469119945	0	0.525962841
0.169882726	0.469119945	0	0.525962841
0.169882726	0.469119945	0	0.525962841
1.019296356	0	0	0
0.396393027	0	0	0
7.418212368	12.19711857	0	13.67503386
1.642199685	4.222079506	8.681459874	3.681739885
0.821099842	0.93823989	0	1.051925681
2.859692554	2.345599725	4.340729937	2.103851363
1.359061808	1.407359835	0	1.577888522
0.509648178	0.93823989	0	1.051925681
7.361584793	20.64127758	8.681459874	22.09043931
0.537961966	0	0	0
1.019296356	1.87647978	0	2.103851363
1.075923931	0.93823989	4.340729937	0.525962841
1.642199685	2.81471967	8.681459874	2.103851363
0.651217116	2.345599725	0	2.629814204
0.084941363	0	0	0
1.897023774	3.75295956	8.681459874	3.155777044
1.897023774	4.222079506	4.340729937	4.207702726
0.48133439	0.469119945	0	0.525962841
1.755454835	1.87647978	4.340729937	1.577888522
3.341026944	3.283839615	8.681459874	2.629814204
0.339765452	0	0	0
2.038592712	2.81471967	0	3.155777044
4.275381937	5.629439341	8.681459874	5.259628407
1.160865294	3.283839615	4.340729937	3.155777044
0.028313788	0	0	0
0.707844692	2.81471967	0	3.155777044
10.1080222	11.25887868	17.36291975	10.51925681
1.925337561	2.81471967	4.340729937	2.629814204
1.500630746	1.87647978	0	2.103851363
0.311451664	0	0	0
1.132551507	1.407359835	4.340729937	1.051925681
0.566275753	0	0	0
0.311451664	0.93823989	8.681459874	0
3.171144218	2.81471967	0	3.155777044
8.890529327	7.975039066	8.681459874	7.889442611
3.539223458	3.283839615	4.340729937	3.155777044
0.113255151	0	0	0
0.594589541	1.407359835	0	1.577888522
0.990982568	0.469119945	0	0.525962841
2.888006342	3.75295956	4.340729937	3.681739885
1.69882726	0.93823989	0	1.051925681
1.557258322	0.93823989	4.340729937	0.525962841
2.604868465	6.567679231	0	7.36347977
0.36807924	0.469119945	0	0.525962841
1.387375596	2.81471967	0	3.155777044
7.503153731	7.975039066	4.340729937	8.415405452
1.69882726	1.87647978	0	2.103851363
0.028313788	0	0	0
0.962668781	0.93823989	4.340729937	0.525962841
11.04237719	11.72799863	13.02218981	11.5711825
0.764472267	0	0	0
19.5081997	18.7647978	30.38510956	17.35677374
9.08872584	12.19711857	13.02218981	12.09714534
2.123534075	2.81471967	0	3.155777044
2.576554678	3.75295956	0	4.207702726
0.48133439	0.469119945	0	0.525962841
1.500630746	2.345599725	4.340729937	2.103851363
0.707844692	0.93823989	0	1.051925681
3.312713157	3.75295956	0	4.207702726
1.21749287	0.469119945	0	0.525962841
1.472316959	1.87647978	4.340729937	1.577888522
0.283137877	0.469119945	0	0.525962841
0.877727418	0.93823989	4.340729937	0.525962841
0.36807924	0.93823989	0	1.051925681
1.812082411	3.75295956	4.340729937	3.681739885
1.925337561	3.283839615	0	3.681739885
10.3345325	17.82655791	4.340729937	19.46062511
5.606129958	5.629439341	8.681459874	5.259628407
1.33074802	3.283839615	0	3.681739885
3.142830431	5.160319396	13.02218981	4.207702726
2.54824089	5.160319396	0	5.785591248
0.622903329	0.93823989	0	1.051925681
5.238050718	6.098559286	13.02218981	5.259628407
1.047610144	1.407359835	0	1.577888522
1.642199685	2.345599725	0	2.629814204
5.068167992	7.036799176	4.340729937	7.36347977
2.633182253	2.81471967	4.340729937	2.629814204
0.990982568	0.93823989	8.681459874	0
1.981965137	2.345599725	4.340729937	2.103851363
8.465822512	14.07359835	13.02218981	14.2009967
2.265103013	1.87647978	4.340729937	1.577888522
1.812082411	3.283839615	4.340729937	3.155777044
1.132551507	2.345599725	0	2.629814204
3.142830431	3.75295956	4.340729937	3.681739885
0.056627575	0	0	0
2.491613315	1.407359835	0	1.577888522
5.20973693	6.098559286	0	6.837516929
0.198196514	0	0	0
1.444003171	3.283839615	0	3.681739885
0.226510301	0.93823989	4.340729937	0.525962841
2.236789226	1.407359835	0	1.577888522
0.113255151	0	0	0
3.652478609	2.345599725	0	2.629814204
0.821099842	2.345599725	13.02218981	1.051925681
1.840396198	1.407359835	0	1.577888522
1.104237719	1.87647978	8.681459874	1.051925681
0.283137877	0.469119945	0	0.525962841
2.0669065	1.407359835	0	1.577888522
1.274120445	1.407359835	4.340729937	1.051925681
0.679530904	0	0	0
3.963930273	5.629439341	4.340729937	5.785591248
3.539223458	5.629439341	8.681459874	5.259628407
1.727141048	0.93823989	0	1.051925681
1.019296356	0	0	0
6.710367677	12.19711857	21.70364969	11.04521966
1.189179082	0.93823989	0	1.051925681
1.981965137	1.87647978	0	2.103851363
5.662757533	11.25887868	4.340729937	12.09714534
0.962668781	1.407359835	4.340729937	1.051925681
2.91632013	2.81471967	0	3.155777044
1.302434233	2.345599725	0	2.629814204
6.597112526	10.78975874	8.681459874	11.04521966
2.746437404	2.81471967	4.340729937	2.629814204
3.39765452	5.160319396	0	5.785591248
1.415689383	2.81471967	8.681459874	2.103851363
0.877727418	2.81471967	0	3.155777044
3.171144218	6.567679231	8.681459874	6.311554089
11.0140634	15.95007813	17.36291975	15.77888522
0.36807924	2.345599725	0	2.629814204
1.019296356	0.93823989	0	1.051925681
0.339765452	0.469119945	0	0.525962841
3.425968307	2.81471967	0	3.155777044
2.859692554	2.345599725	0	2.629814204
0.198196514	0.93823989	8.681459874	0
5.94589541	6.098559286	8.681459874	5.785591248
0.339765452	0	0	0
2.095220287	1.87647978	0	2.103851363
0.056627575	0	0	0
0.028313788	0	0	0
2.0669065	0.93823989	0	1.051925681
10.22127735	9.382398901	13.02218981	8.941368292
6.087464348	12.19711857	4.340729937	13.14907102
1.047610144	0.469119945	0	0.525962841
0.537961966	0.93823989	0	1.051925681
3.086202855	6.098559286	4.340729937	6.311554089
1.245806657	1.407359835	0	1.577888522
0.566275753	0.469119945	0	0.525962841
0.764472267	0.93823989	0	1.051925681
3.369340732	5.629439341	0	6.311554089
1.075923931	1.87647978	0	2.103851363
0.792786055	1.407359835	0	1.577888522
3.680792396	4.691199451	4.340729937	4.733665567
1.670513472	3.283839615	8.681459874	2.629814204
3.624164821	3.75295956	0	4.207702726
4.388637088	7.975039066	4.340729937	8.415405452
0.962668781	0.469119945	0	0.525962841
2.0669065	3.283839615	0	3.681739885
2.010278924	1.87647978	4.340729937	1.577888522
2.718123616	2.81471967	8.681459874	2.103851363
1.528944534	1.87647978	4.340729937	1.577888522
1.359061808	0.469119945	4.340729937	0
0.283137877	1.87647978	0	2.103851363
4.133812999	7.505919121	4.340729937	7.889442611
0.283137877	0	0	0
0.311451664	0.469119945	0	0.525962841
0.453020603	1.407359835	0	1.577888522
0.792786055	2.345599725	4.340729937	2.103851363
2.265103013	3.283839615	0	3.681739885
1.812082411	1.407359835	8.681459874	0.525962841
0.509648178	1.407359835	4.340729937	1.051925681
5.634443745	11.25887868	13.02218981	11.04521966
2.406671952	2.81471967	4.340729937	2.629814204
0.396393027	0.93823989	4.340729937	0.525962841
0.283137877	0.469119945	0	0.525962841
1.160865294	0.469119945	4.340729937	0
6.398916012	9.851518846	8.681459874	9.993293974
1.359061808	4.222079506	0	4.733665567
1.925337561	2.345599725	8.681459874	1.577888522
1.387375596	1.87647978	4.340729937	1.577888522
1.132551507	1.407359835	4.340729937	1.051925681
2.406671952	3.283839615	4.340729937	3.155777044
0.36807924	0.469119945	0	0.525962841
3.595851033	2.345599725	4.340729937	2.103851363
0.028313788	0	0	0
2.095220287	2.81471967	4.340729937	2.629814204
1.670513472	2.345599725	4.340729937	2.103851363
1.812082411	1.407359835	4.340729937	1.051925681
4.586833602	7.975039066	4.340729937	8.415405452
2.519927102	3.283839615	0	3.681739885
1.897023774	0.93823989	4.340729937	0.525962841
1.812082411	2.345599725	0	2.629814204
1.840396198	0.93823989	4.340729937	0.525962841
1.047610144	0	0	0
2.265103013	5.160319396	0	5.785591248
1.302434233	3.283839615	8.681459874	2.629814204
3.794047547	7.036799176	0	7.889442611
7.27664343	9.851518846	4.340729937	10.51925681
0	0	0	0
3.02957528	6.567679231	0	7.36347977
0.113255151	0	0	0
2.434985739	2.81471967	4.340729937	2.629814204
0.906041205	1.407359835	0	1.577888522
0.792786055	0.93823989	0	1.051925681
1.472316959	2.81471967	0	3.155777044
1.33074802	1.407359835	4.340729937	1.051925681
0.906041205	1.407359835	4.340729937	1.051925681
0.453020603	0.93823989	0	1.051925681
0.113255151	0	0	0
1.981965137	4.222079506	8.681459874	3.681739885
2.151847863	4.691199451	4.340729937	4.733665567
0.509648178	0.469119945	0	0.525962841
0.311451664	0	0	0
2.519927102	3.283839615	0	3.681739885
1.613885897	1.407359835	8.681459874	0.525962841
4.048871636	6.567679231	0	7.36347977
0.792786055	0.93823989	0	1.051925681
0	0	0	0
2.746437404	3.75295956	4.340729937	3.681739885
6.851936615	12.19711857	17.36291975	11.5711825
1.132551507	2.345599725	0	2.629814204
5.322992081	10.32063879	0	11.5711825
2.54824089	1.407359835	0	1.577888522
2.859692554	3.75295956	4.340729937	3.681739885
0.36807924	0.93823989	0	1.051925681
0.622903329	0.469119945	0	0.525962841
1.783768623	1.87647978	8.681459874	1.051925681
1.557258322	1.87647978	0	2.103851363
2.944633917	4.691199451	4.340729937	4.733665567
1.415689383	1.407359835	0	1.577888522
2.576554678	2.345599725	0	2.629814204
1.104237719	2.345599725	4.340729937	2.103851363
0.651217116	1.87647978	0	2.103851363
1.472316959	1.407359835	0	1.577888522
2.831378767	2.81471967	0	3.155777044
2.689809828	3.75295956	4.340729937	3.681739885
1.868709986	2.345599725	0	2.629814204
1.189179082	1.407359835	0	1.577888522
2.944633917	3.75295956	4.340729937	3.681739885
3.39765452	2.81471967	0	3.155777044
0.84941363	1.407359835	0	1.577888522
0.622903329	1.407359835	4.340729937	1.051925681
1.33074802	1.87647978	8.681459874	1.051925681
1.104237719	2.345599725	0	2.629814204
2.265103013	2.81471967	0	3.155777044
2.718123616	6.567679231	0	7.36347977
0.056627575	0	0	0
5.662757533	8.444159011	0	9.467331133
2.604868465	3.75295956	13.02218981	2.629814204
2.463299527	1.407359835	0	1.577888522
1.557258322	0.93823989	0	1.051925681
1.981965137	3.283839615	8.681459874	2.629814204
1.415689383	2.345599725	0	2.629814204
6.625426314	9.382398901	8.681459874	9.467331133
1.075923931	1.407359835	0	1.577888522
0.283137877	0.469119945	0	0.525962841
0.056627575	0	0	0
1.557258322	0.469119945	4.340729937	0
0.537961966	0.469119945	0	0.525962841
0.934354993	3.283839615	0	3.681739885
3.992244061	1.87647978	4.340729937	1.577888522
2.236789226	0.469119945	4.340729937	0
2.434985739	2.81471967	8.681459874	2.103851363
2.236789226	2.81471967	0	3.155777044
0.736158479	1.407359835	0	1.577888522
1.755454835	3.75295956	0	4.207702726
2.633182253	2.345599725	0	2.629814204
0.424706815	0.93823989	4.340729937	0.525962841
2.633182253	5.160319396	0	5.785591248
2.236789226	0.93823989	0	1.051925681
2.0669065	2.81471967	0	3.155777044
7.389898581	4.222079506	0	4.733665567
2.463299527	2.345599725	13.02218981	1.051925681
0.764472267	1.87647978	0	2.103851363
0.821099842	1.407359835	4.340729937	1.051925681
1.585572109	2.81471967	0	3.155777044
0.537961966	0.469119945	0	0.525962841
0.707844692	0.469119945	0	0.525962841
0.990982568	0	0	0
15.65752458	19.23391775	17.36291975	19.46062511
0.934354993	1.87647978	0	2.103851363
1.274120445	0	0	0
0.679530904	0.469119945	0	0.525962841
0.736158479	0.469119945	0	0.525962841
1.075923931	1.407359835	0	1.577888522
8.918843114	14.5427183	13.02218981	14.72695954
1.557258322	1.407359835	0	1.577888522
1.783768623	4.222079506	0	4.733665567
0.566275753	0.469119945	0	0.525962841
1.21749287	3.283839615	0	3.681739885
0.962668781	0.469119945	0	0.525962841
2.661496041	1.407359835	0	1.577888522
2.463299527	3.75295956	26.04437962	1.051925681
0.792786055	0.469119945	0	0.525962841
0.226510301	0	0	0
0.877727418	0.93823989	4.340729937	0.525962841
0.651217116	0.469119945	0	0.525962841
0.339765452	0	0	0
1.21749287	1.407359835	0	1.577888522
0.509648178	0.469119945	0	0.525962841
2.208475438	2.81471967	0	3.155777044
1.160865294	1.407359835	0	1.577888522
0.622903329	0	0	0
0.962668781	1.407359835	4.340729937	1.051925681
1.387375596	2.81471967	0	3.155777044
2.236789226	4.691199451	4.340729937	4.733665567
0.509648178	1.87647978	8.681459874	1.051925681
0.36807924	0.469119945	0	0.525962841
0.537961966	0.469119945	0	0.525962841
1.019296356	0.93823989	4.340729937	0.525962841
1.359061808	3.75295956	0	4.207702726
3.595851033	5.160319396	0	5.785591248
0.339765452	0	0	0
0.792786055	1.87647978	0	2.103851363
0.36807924	0.93823989	0	1.051925681
0.226510301	0	0	0
1.415689383	3.283839615	4.340729937	3.155777044
3.595851033	5.629439341	4.340729937	5.785591248
0.651217116	0.469119945	0	0.525962841
0.453020603	0	0	0
1.727141048	2.81471967	0	3.155777044
0.906041205	0.469119945	0	0.525962841
1.557258322	2.345599725	0	2.629814204
0.821099842	1.407359835	4.340729937	1.051925681
1.302434233	0.93823989	0	1.051925681
2.18016165	4.222079506	8.681459874	3.681739885
1.160865294	1.87647978	8.681459874	1.051925681
1.727141048	2.345599725	4.340729937	2.103851363
0.84941363	1.407359835	8.681459874	0.525962841
0.934354993	0.93823989	0	1.051925681
0.651217116	0	0	0
0.707844692	1.407359835	0	1.577888522
0.113255151	0	0	0
1.245806657	0.93823989	0	1.051925681
0.48133439	0.93823989	0	1.051925681
0.396393027	0.93823989	0	1.051925681
0.254824089	0.93823989	0	1.051925681
0.36807924	0.469119945	0	0.525962841
0.113255151	0	0	0
1.415689383	0.469119945	0	0.525962841
0.056627575	0.469119945	0	0.525962841
0.566275753	0.469119945	0	0.525962841
0.226510301	0.93823989	0	1.051925681
0.141568938	0	0	0
3.369340732	2.345599725	0	2.629814204
0.509648178	0.93823989	0	1.051925681
0.537961966	1.407359835	0	1.577888522
0.906041205	2.345599725	0	2.629814204
0.084941363	0	0	0
0.679530904	0.93823989	0	1.051925681
0.056627575	0	0	0
0.453020603	0.469119945	0	0.525962841
0.254824089	0.469119945	0	0.525962841
0.311451664	0.469119945	0	0.525962841
0.736158479	0.469119945	0	0.525962841
0.283137877	0	0	0
0.056627575	0	0	0
0.198196514	0.93823989	0	1.051925681
0.198196514	0.93823989	0	1.051925681
0.339765452	0	0	0
0.679530904	0.469119945	0	0.525962841
0.283137877	0	0	0
0.311451664	0	0	0
0	0.469119945	0	0.525962841
0.198196514	0	0	0
0.254824089	1.407359835	0	1.577888522
0.707844692	1.87647978	0	2.103851363
0.396393027	1.407359835	0	1.577888522
0	0	0	0
2.944633917	2.81471967	4.340729937	2.629814204
2.803064979	4.222079506	4.340729937	4.207702726
1.075923931	1.87647978	0	2.103851363
1.444003171	1.87647978	0	2.103851363
2.859692554	4.691199451	8.681459874	4.207702726
0	0	0	0
1.21749287	0.93823989	4.340729937	0.525962841
1.245806657	1.407359835	4.340729937	1.051925681
1.019296356	0.469119945	0	0.525962841
1.104237719	0.93823989	4.340729937	0.525962841
1.415689383	2.81471967	0	3.155777044
0.254824089	0	0	0
0.707844692	0.93823989	0	1.051925681
0.707844692	0	0	0
0.877727418	1.87647978	0	2.103851363
0.821099842	0	0	0
1.444003171	1.407359835	0	1.577888522
0.396393027	1.87647978	4.340729937	1.577888522
0.537961966	2.345599725	0	2.629814204
0.962668781	0.93823989	0	1.051925681
0.36807924	0.469119945	0	0.525962841
30.72045962	46.44287456	56.42948918	45.2328043
0.792786055	0.469119945	0	0.525962841
1.840396198	1.87647978	4.340729937	1.577888522
1.047610144	0.469119945	4.340729937	0
1.387375596	1.87647978	4.340729937	1.577888522
5.606129958	8.444159011	0	9.467331133
1.387375596	0.93823989	0	1.051925681
0.651217116	0.469119945	4.340729937	0
0.141568938	0.469119945	0	0.525962841
5.492874807	6.098559286	13.02218981	5.259628407
0.339765452	0	0	0
0.934354993	0.93823989	4.340729937	0.525962841
5.20973693	6.098559286	4.340729937	6.311554089
5.492874807	7.505919121	4.340729937	7.889442611
4.162126787	6.567679231	0	7.36347977
0.821099842	0.93823989	4.340729937	0.525962841
4.416950876	6.098559286	4.340729937	6.311554089
23.44381619	35.65311582	21.70364969	37.34336169
0.934354993	1.87647978	0	2.103851363
1.075923931	1.87647978	4.340729937	1.577888522
4.020557848	3.283839615	4.340729937	3.155777044
3.822361335	2.81471967	0	3.155777044
5.181423143	5.629439341	0	6.311554089
0.509648178	0.93823989	0	1.051925681
2.123534075	2.345599725	0	2.629814204
2.944633917	3.283839615	4.340729937	3.155777044
1.613885897	2.81471967	0	3.155777044
1.075923931	0.469119945	4.340729937	0
1.444003171	1.407359835	0	1.577888522
3.595851033	4.222079506	0	4.733665567
6.115778136	9.382398901	17.36291975	8.415405452
2.463299527	4.222079506	4.340729937	4.207702726
1.472316959	2.345599725	0	2.629814204
3.142830431	3.75295956	0	4.207702726
1.755454835	3.75295956	4.340729937	3.681739885
2.944633917	2.345599725	4.340729937	2.103851363
1.953651349	4.691199451	0	5.259628407
0.736158479	1.87647978	4.340729937	1.577888522
2.491613315	3.75295956	4.340729937	3.681739885
2.265103013	0.93823989	0	1.051925681
1.613885897	1.407359835	0	1.577888522
0.226510301	0.469119945	0	0.525962841
0.396393027	0	0	0
1.33074802	2.345599725	0	2.629814204
0.962668781	0	0	0
1.104237719	0.93823989	4.340729937	0.525962841
2.038592712	0	0	0
1.132551507	0.469119945	0	0.525962841
0.736158479	0.469119945	0	0.525962841
0.821099842	0.469119945	0	0.525962841
0.792786055	0.469119945	0	0.525962841
2.491613315	3.283839615	4.340729937	3.155777044
1.415689383	1.407359835	0	1.577888522
2.010278924	3.75295956	13.02218981	2.629814204
0.509648178	0	0	0
4.643461177	6.098559286	4.340729937	6.311554089
0.962668781	0.469119945	0	0.525962841
0.707844692	0.469119945	0	0.525962841
1.415689383	1.407359835	0	1.577888522
2.633182253	2.81471967	4.340729937	2.629814204
1.104237719	1.87647978	0	2.103851363
2.208475438	2.81471967	0	3.155777044
0.877727418	0.469119945	0	0.525962841
0.990982568	0.469119945	0	0.525962841
6.172405711	11.72799863	8.681459874	12.09714534
2.463299527	2.345599725	4.340729937	2.103851363
2.859692554	1.87647978	0	2.103851363
1.160865294	1.87647978	4.340729937	1.577888522
0.990982568	1.407359835	0	1.577888522
11.2405737	16.41919808	13.02218981	16.8308109
1.132551507	0.469119945	0	0.525962841
0.651217116	0	0	0
0.679530904	0.93823989	0	1.051925681
1.104237719	0.469119945	4.340729937	0
0.48133439	0	0	0
0.707844692	0	0	0
0.764472267	0.469119945	0	0.525962841
1.868709986	4.222079506	4.340729937	4.207702726
2.208475438	2.345599725	0	2.629814204
0.906041205	0.93823989	0	1.051925681
2.859692554	3.283839615	4.340729937	3.155777044
0.537961966	0.469119945	0	0.525962841
1.415689383	1.407359835	0	1.577888522
1.528944534	1.407359835	0	1.577888522
1.33074802	0.469119945	4.340729937	0
1.21749287	2.345599725	4.340729937	2.103851363
0.736158479	1.87647978	0	2.103851363
0.651217116	0.469119945	0	0.525962841
0.509648178	0	0	0
1.189179082	0.93823989	4.340729937	0.525962841
0.792786055	0.469119945	0	0.525962841
1.104237719	0.93823989	0	1.051925681
3.086202855	6.098559286	0	6.837516929
1.925337561	3.283839615	4.340729937	3.155777044
1.274120445	3.75295956	4.340729937	3.681739885
0.906041205	0	0	0
0.934354993	1.87647978	8.681459874	1.051925681
2.491613315	3.75295956	8.681459874	3.155777044
0.36807924	0	0	0
0.254824089	0	0	0
0.311451664	0	0	0
0.707844692	2.345599725	8.681459874	1.577888522
0.169882726	0	0	0
3.086202855	5.160319396	4.340729937	5.259628407
0.141568938	0.469119945	0	0.525962841
0.056627575	0	0	0
0.226510301	0.469119945	4.340729937	0
0.084941363	0	0	0
0.226510301	0.469119945	0	0.525962841
0.226510301	0	0	0
0.283137877	0	0	0
0.198196514	0.469119945	0	0.525962841
1.500630746	1.407359835	4.340729937	1.051925681
1.019296356	0	0	0
0.453020603	0	0	0
0.679530904	0.469119945	0	0.525962841
0.48133439	0	0	0
0.396393027	0	0	0
0.084941363	0	0	0
0.509648178	0	0	0
0.594589541	0.469119945	0	0.525962841
0.283137877	0	0	0
0.339765452	0	0	0
0.084941363	0	0	0
0.084941363	0	0	0
0.084941363	0	0	0
1.868709986	2.345599725	0	2.629814204
0.934354993	0.469119945	0	0.525962841
1.359061808	1.407359835	0	1.577888522
0.906041205	2.345599725	4.340729937	2.103851363
2.491613315	2.345599725	4.340729937	2.103851363
2.661496041	3.283839615	4.340729937	3.155777044
4.020557848	3.283839615	0	3.681739885
1.585572109	0.93823989	4.340729937	0.525962841
0.764472267	2.345599725	0	2.629814204
2.519927102	2.81471967	0	3.155777044
1.472316959	2.81471967	4.340729937	2.629814204
0.226510301	0	0	0
9.400177505	9.382398901	8.681459874	9.467331133
3.001261492	0.93823989	0	1.051925681
1.472316959	1.407359835	13.02218981	0
1.047610144	3.283839615	4.340729937	3.155777044
5.266364506	9.851518846	4.340729937	10.51925681
1.359061808	4.691199451	0	5.259628407
8.012801909	7.975039066	4.340729937	8.415405452
0.141568938	0.469119945	0	0.525962841
0.028313788	0	0	0
0.651217116	0.469119945	0	0.525962841
2.18016165	3.283839615	4.340729937	3.155777044
2.293416801	3.75295956	0	4.207702726
0.48133439	1.87647978	0	2.103851363
0.424706815	0.469119945	0	0.525962841
3.057889068	1.87647978	0	2.103851363
3.057889068	3.283839615	0	3.681739885
0.764472267	0	0	0
0.651217116	1.87647978	0	2.103851363
1.953651349	3.75295956	0	4.207702726
4.077185424	5.629439341	4.340729937	5.785591248
1.075923931	0.469119945	0	0.525962841